1.000000 40.000000 200.000000
2.000000 0.500000 200.000000
1.000000 500.000000 200.000000
0.500000 1.000000 200.000000
1056
0.070783 3.533106 0.111181
0.072672 3.037692 -0.566878
0.589558 7.329230 1.142274
0.027546 2.015664 0.486109
0.120054 3.780646 0.837472
0.026466 7.907212 0.231531
0.436844 4.611483 -0.221213
0.327828 9.740517 0.971871
0.024603 3.404132 -1.047800
0.054926 6.602783 0.457971
0.245416 1.354994 0.960182
0.015548 9.264323 0.553958
0.023053 8.616907 0.583911
0.145304 8.206450 -0.684746
0.249689 8.911026 0.446721
0.028458 6.069870 -0.673170
0.495545 3.656790 -0.885628
0.025786 1.999001 -0.198270
0.139963 1.965679 0.928094
0.143891 3.307614 0.380261
0.024791 9.511765 1.566757
0.157448 3.381990 -1.382625
0.095963 2.988958 1.393280
0.986130 6.801161 0.708022
0.003814 4.078867 -0.773488
0.517709 7.265971 0.834766
0.010619 6.921973 -1.499745
0.022799 3.571810 0.527340
0.954569 1.125731 0.132731
0.079185 4.713444 0.351443
0.061939 9.008044 -0.526874
0.051243 3.584913 0.527088
0.002900 4.278142 -1.096018
0.094845 9.178081 -0.525315
0.040208 8.740453 -0.265668
0.049937 1.152394 0.260952
0.003170 3.176635 -0.140815
0.148623 8.469785 0.612073
0.048525 5.357392 -0.683245
0.102108 3.879347 0.153867
0.024858 6.935453 -0.663386
0.203852 9.023398 -0.093472
0.287739 1.389473 0.142071
0.072891 4.896108 0.708626
0.079308 4.137848 0.188519
0.022124 5.365980 -0.860892
0.098864 3.119362 1.116522
0.013055 3.528400 -0.361005
0.023838 1.627288 -0.079304
0.952708 5.726255 1.238320
0.140677 7.473024 -1.153404
0.030620 9.461722 -0.055472
0.018239 3.657152 -0.167607
0.982038 5.714526 1.149981
0.228984 8.100554 0.169570
0.841567 3.240683 -0.352769
0.003968 2.138864 -1.380370
0.371103 9.253037 0.439200
0.072269 2.929956 1.479067
0.632544 2.487513 -0.545582
0.884734 3.222702 0.810074
0.345545 6.697121 -0.587865
0.010920 6.099185 0.658698
0.317234 9.058886 0.803097
0.307282 5.298875 -0.224070
0.965660 6.239566 -0.620682
0.689933 2.995204 -0.562313
0.002605 8.444563 0.302418
0.640098 3.643412 1.055204
0.690561 4.733449 1.272164
0.727214 2.312024 1.448914
0.017470 7.108432 0.006764
0.711599 1.236450 -1.070990
0.004304 2.724600 0.146746
0.033134 1.352738 -0.628612
0.205062 3.739514 0.769866
0.025773 7.695255 -0.583455
0.000354 9.456917 -1.536281
0.076993 2.126193 -1.054264
0.242471 3.765604 1.201749
0.028612 8.832254 -0.365213
0.162687 2.089290 -0.134446
0.003089 3.905798 -0.172350
0.707431 6.577178 1.209732
0.170100 8.180155 0.717900
0.025106 7.287503 -0.743070
0.144954 9.359000 -0.266832
0.008945 3.879828 0.055756
0.178435 8.658128 1.400922
0.396566 5.301432 0.593881
0.074991 8.134273 1.235097
0.006972 6.040816 1.369391
0.039771 1.709220 -1.554101
0.019388 6.133251 -0.183621
0.003528 5.121942 -0.268451
0.567782 5.474219 1.085743
0.365194 9.535379 -0.906303
0.282770 6.347702 -0.614945
0.643379 5.105080 0.583510
0.160068 6.390765 1.212750
0.071427 3.796061 0.003791
0.041327 1.844670 0.221703
0.971741 3.260745 1.136907
0.009785 4.580005 -0.811675
0.015438 9.838241 -0.654978
0.392807 2.659476 -0.119948
0.000858 1.947314 0.589783
0.958622 2.232553 0.440261
0.016877 3.585039 -0.462526
0.804512 8.012817 0.212996
0.059299 9.203566 -1.038781
0.970594 7.925947 -1.414828
0.107055 7.448074 0.341639
0.000861 3.886327 -0.798453
0.999973 9.060297 -1.295899
0.104987 1.911615 -0.165120
0.006135 5.654642 0.441431
0.008284 7.456372 1.149100
0.554209 4.549384 1.046383
0.021400 7.498407 1.368737
0.185024 9.066818 -0.678505
0.001460 3.972736 0.113209
0.999978 5.604395 0.149590
0.101860 8.467480 -1.025041
0.716184 4.745740 1.542132
0.654177 7.875327 -0.973384
0.077858 5.970418 0.696028
0.279005 4.264487 1.268178
0.199612 8.373129 0.575313
0.038489 1.042420 -0.196147
0.173590 6.387371 0.615231
0.067535 2.118865 -1.334601
0.919174 4.708939 -1.253432
0.063250 8.103881 0.593966
0.335327 9.553112 0.111560
0.003400 9.375152 1.248571
0.003076 4.026031 -0.986775
0.384837 7.994995 -0.331010
0.542052 2.189332 -0.718486
0.365148 8.979794 0.514563
0.012729 5.620206 -0.158209
0.010666 5.963400 0.826602
0.314455 1.108023 1.462533
0.207234 5.239220 -0.577589
0.021955 3.663801 -0.599914
0.199825 7.343685 0.292401
0.014126 9.098577 -0.021712
0.193997 9.043069 1.348674
0.057395 7.104963 -1.456077
0.367555 6.128151 -0.437920
0.010873 5.822541 1.141052
0.150682 4.194118 -0.688535
0.049270 3.350467 -0.065764
0.925102 2.930823 0.044118
0.110057 4.305785 -0.625634
0.000820 2.707706 0.912181
0.058134 6.195024 0.846462
0.029277 7.572255 1.508405
0.042814 4.884622 -0.735163
0.538890 4.060889 0.617306
0.193181 8.153947 -1.101220
0.347159 1.040942 1.318894
0.134381 6.708388 -0.924951
0.467832 8.027208 -0.117325
0.185284 3.688188 0.093348
0.655351 1.766736 -0.550196
0.001885 6.714585 -0.862540
0.001825 7.664755 0.795674
0.181389 5.853002 -0.001187
0.008132 2.252757 0.541763
0.155923 1.448072 -0.611532
0.014101 9.080336 -0.959264
0.024819 7.526910 -0.217635
0.051028 4.307599 0.798152
0.287533 1.595330 0.325029
0.908205 1.283295 -0.768739
0.196092 8.660074 -0.332101
0.018390 4.069805 0.430571
0.019210 9.995643 1.532898
0.116035 8.528137 1.085111
0.183850 5.311575 0.652937
0.068807 9.577401 0.416310
0.040106 4.015932 0.016747
0.598651 7.869120 -0.362079
0.000207 1.947041 -0.390073
0.004566 2.242790 0.025644
0.001892 5.685928 1.151032
0.263227 8.451072 -1.364770
0.305325 6.094324 1.086727
0.165308 3.419329 0.288909
0.004750 4.933254 0.684463
0.999904 2.831831 -1.427703
0.592554 6.368013 0.279258
0.516093 4.962945 -0.531240
0.354790 7.729750 -0.862092
0.039903 8.196047 -0.311538
0.378488 4.792067 -1.437422
0.026457 4.589547 -1.510812
0.018399 8.169098 -0.393413
0.767666 7.627807 -0.249071
0.822547 9.421369 -1.189623
0.039224 1.368995 -0.979598
0.146882 1.989512 0.363440
0.003278 6.993594 1.046182
0.547781 1.488334 0.248259
0.057535 6.764245 -1.266204
0.009786 4.253486 -1.368369
0.089762 2.165334 -0.450971
0.370199 4.431298 -1.093399
0.944869 7.741243 1.530845
0.030353 9.051859 -0.443609
0.091394 9.932254 -1.252694
0.014860 2.355845 -1.354006
0.741557 5.755062 0.678701
0.029793 8.225620 -1.166609
0.381036 6.122102 1.115047
0.087183 9.710637 0.297319
0.414363 1.394392 0.218123
0.146024 1.739982 -1.196204
0.036676 1.053706 1.490635
0.964875 8.802997 -0.834168
0.999934 8.429439 -0.642942
0.548547 6.174422 -1.137860
0.038594 4.451424 -0.418353
0.012454 1.474734 -1.127060
0.265185 1.615566 -1.074414
0.006749 3.768694 0.852206
0.033647 9.764030 -0.732167
0.045203 9.736086 1.233215
0.005051 8.325437 0.465563
0.146389 9.271256 0.900274
0.004597 3.521296 -1.463444
0.009385 3.502383 1.390063
0.898884 1.548493 -0.584651
0.990816 8.557979 -0.711800
0.005047 4.886392 0.919369
0.006110 4.186196 -1.457321
0.259525 1.371254 1.548829
0.571395 3.816931 -0.474073
0.749783 1.214630 0.346494
0.316691 6.599705 -0.517575
0.238451 7.891648 1.158900
0.001168 7.068047 0.555414
0.000974 8.461350 1.388645
0.902963 8.496041 -0.651199
0.006909 1.460327 -1.063998
0.972445 3.957433 -0.369923
0.320610 3.597870 -0.956747
0.488041 4.849361 1.308145
0.036862 2.043045 1.027498
0.001220 6.788561 0.234719
0.613718 3.232161 -1.197830
0.017215 8.290123 1.317591
0.170664 6.370627 -0.875758
0.000448 9.566350 0.527215
0.004792 2.433888 -1.131206
0.005398 3.158326 1.237726
0.075009 6.061522 -0.524498
0.027599 6.684555 -0.834954
0.001134 4.231261 0.307672
0.999790 4.063024 -0.657023
0.061233 8.577565 -1.349589
0.074271 2.830200 1.023415
0.087244 2.889097 -1.468522
0.956499 5.884214 -0.474196
0.164048 2.478706 -0.197688
0.019064 5.049562 -1.197072
0.007877 8.328787 0.464851
0.846871 3.284310 -1.514384
0.005622 7.770736 0.650142
0.044165 4.299000 0.093192
0.016696 5.422958 -1.060351
0.050740 7.398673 1.212144
0.028286 1.284649 1.098088
0.072260 6.940225 -1.112269
0.367137 4.790243 0.885610
0.768862 4.857382 -0.449505
0.046410 2.725606 -0.340344
0.317603 4.254102 1.054341
0.578393 2.722199 -1.133454
0.188965 5.808548 0.937282
0.834181 4.858277 0.103889
0.021918 3.929012 0.298369
0.969785 1.034601 -0.541568
0.157872 5.551902 1.097621
0.003685 5.112530 0.023798
0.179531 7.054598 -0.082612
0.153516 1.538000 -0.035739
0.933504 6.091934 -1.240733
0.000112 5.154609 -0.095598
0.005767 8.505787 -0.078465
0.032174 6.353474 -0.958557
0.406526 3.493988 1.065730
0.942073 9.851862 0.547263
0.357748 8.472055 0.997788
0.021396 4.410820 1.423171
0.057281 4.744317 0.687150
0.090347 6.701765 0.849703
0.998901 1.347510 -0.351527
0.002139 2.566856 -0.749737
0.409038 5.051730 1.393553
0.031644 4.892069 0.872045
0.067759 7.443917 0.022075
0.236956 3.198536 1.279602
0.359814 9.779592 -1.123593
0.209553 7.844226 -0.545095
0.925048 5.657005 -1.209248
0.105967 4.145577 -0.913588
0.015846 6.124064 -1.147480
0.203180 8.595261 1.364853
0.063746 2.144396 0.958365
0.345828 4.170583 -0.429226
0.390800 6.005132 -0.291516
0.924965 4.055206 -0.606121
0.272093 6.925995 0.203069
0.104608 4.313548 -1.400363
0.061921 5.681571 -0.532216
0.136274 5.795269 0.796915
0.188406 7.041856 1.186363
0.384439 2.289149 -0.870705
0.585173 8.626943 1.108441
0.070901 6.414634 1.386149
0.473390 1.633658 1.337583
0.410241 1.588017 -1.000188
0.347302 5.958246 -1.044620
0.892798 6.286412 -0.603052
0.921492 3.271620 -0.261390
0.571192 8.374092 -1.116816
0.120566 4.457596 0.779794
0.028434 9.669824 -0.576623
0.002831 6.776261 -0.666097
0.000482 6.877569 0.850852
0.022427 9.580161 -0.702251
0.023384 4.175837 -1.057784
0.072893 2.288731 0.970609
0.189077 3.460037 0.385951
0.501883 4.960678 0.007651
0.025869 9.696012 -0.366040
0.016180 2.375890 -1.318580
0.021120 2.406293 1.190105
0.031816 7.663427 0.661798
0.150942 6.817640 -1.474867
0.964547 5.478199 1.531533
0.116097 8.269335 1.539025
0.987381 5.888426 -0.069297
0.040461 8.494217 1.104484
0.467965 3.119665 -0.357318
0.130944 2.234242 0.818251
0.906662 4.458894 -0.948477
0.207690 2.349801 0.515126
0.082379 1.393570 0.753706
0.197165 2.955711 -0.390237
0.050381 1.102563 1.110392
0.260059 2.570567 1.427933
0.277871 2.107963 1.421626
0.154013 7.978922 1.320704
0.115345 7.141066 -0.143704
0.035084 2.163002 1.051072
0.010959 4.157116 0.270240
0.540155 9.051649 0.157256
0.013970 3.736881 -0.673003
0.055783 3.748074 -0.084229
0.299792 1.600588 0.836428
1.000000 4.149563 -0.521374
0.489918 4.520901 -0.300615
0.162541 6.376490 -0.864028
0.307117 5.292380 1.502947
0.389029 6.784805 1.039730
0.455815 4.381366 0.997831
0.007390 2.546147 -1.466486
0.033529 4.376495 0.942042
0.910337 3.937502 -0.089198
0.914247 7.966087 1.448444
0.016329 5.113806 -0.003235
0.187604 6.387864 -0.481287
0.216673 8.361524 0.572958
0.091378 9.568849 -0.334736
0.004741 7.267482 -0.582195
0.248569 7.160439 1.058400
0.354549 9.421356 -0.602270
0.048134 7.224216 1.335938
0.038108 7.478591 -1.403862
0.339782 9.714942 -0.114424
0.067372 4.949540 -0.760798
0.806464 8.099380 0.457619
0.840198 2.895974 -1.233948
0.096311 1.132054 -1.028393
0.018761 7.952081 0.264797
0.053142 1.737553 -0.920300
0.059088 3.234237 -0.504782
0.963829 3.399183 1.167415
0.002525 2.064363 1.185296
0.999150 4.461143 -1.398808
0.972445 8.033377 1.008996
0.005647 8.259945 1.317440
0.004643 1.060034 1.470893
0.042753 5.371485 -0.658657
0.007118 2.025693 -0.862817
0.616354 9.847414 -0.998562
0.702400 6.721969 -0.317190
0.002879 6.012480 0.722212
0.016065 8.992800 -1.271529
0.752978 5.682240 1.449982
0.077292 5.227809 -0.067396
0.168680 7.643511 -0.467101
0.442552 1.795333 1.255491
0.094800 8.937983 0.511834
0.056861 3.544408 0.974598
0.143691 7.079533 -1.062081
0.016489 2.753055 1.385381
0.012165 8.192301 -0.966073
0.044052 4.512092 -0.914726
0.007997 4.611126 -0.194396
0.522022 7.515332 -0.138681
0.000072 9.587298 -0.073235
0.383891 6.974155 -0.608499
0.824890 1.800501 -0.320180
0.008391 1.248019 0.414259
0.028004 5.999119 0.050065
0.003612 4.364285 -0.942525
0.009138 7.146214 0.627849
0.001671 5.706558 0.494463
0.999839 3.749147 0.092077
0.352786 8.127454 0.464221
0.527439 9.600575 0.067381
0.049484 7.097457 -0.159830
0.073522 9.501092 -1.291417
0.240482 1.574283 -1.482093
0.249365 9.363831 0.499897
0.512593 8.430954 -0.209932
0.017159 9.706621 0.419116
0.022706 6.446845 0.942092
0.274321 8.066020 -0.468015
0.043537 4.911891 -1.095131
0.445785 7.262678 1.316906
0.999808 7.974920 1.001501
0.084467 5.585768 -0.974333
0.354873 4.993960 0.888273
0.167783 2.052012 -1.322336
0.080996 2.725944 -0.241666
0.197716 3.172498 0.393135
0.387003 1.446279 1.542448
0.006396 4.207052 0.197030
0.225220 6.961048 -0.687301
0.023566 3.790275 1.364588
0.371550 5.655373 0.166598
0.016955 3.592329 0.317884
0.017664 7.034336 -1.293194
0.484915 5.568374 -0.030770
0.341089 7.800805 -1.010697
0.243895 2.993790 -1.019989
0.075329 8.526958 0.204235
0.005055 5.659899 -1.143006
0.557826 7.442151 -0.366522
0.487035 5.227505 -1.079698
0.034540 3.142198 -0.376356
0.073591 2.859735 -1.115348
0.032340 3.632401 0.454198
0.006619 1.817088 1.262321
0.129201 5.823916 -0.963340
0.750195 4.802789 -0.877175
0.035094 6.794880 1.360254
0.000674 9.869496 0.433163
0.024012 6.242768 -0.484248
0.180631 6.271927 1.024485
0.024712 1.662963 -1.210695
0.001357 1.101784 0.894580
0.069393 3.374869 -0.337233
0.012283 2.698142 -0.496341
0.014514 2.219473 0.575299
0.003720 2.465503 -0.652248
0.553782 7.754740 -0.301542
0.232739 4.454696 -0.619479
0.095586 7.617153 -1.065603
0.880687 8.887718 0.861803
0.165821 9.942786 -1.307048
0.798054 4.014189 0.518485
0.139576 6.708398 0.310759
0.006610 9.195685 -0.476241
0.907363 2.973867 -0.193179
0.494272 6.326673 -1.121343
0.129161 8.782423 0.296085
0.284807 8.096869 -1.450093
0.666796 2.770986 0.226513
0.850055 6.044873 1.567956
0.184796 5.195971 1.469474
0.012675 2.510556 0.825670
0.039391 2.061111 -0.384186
0.563099 5.171537 -1.232703
0.077556 5.590313 0.364093
0.321148 6.865152 1.505495
0.004236 8.612126 -0.270796
0.237334 8.069108 -1.025664
0.517894 8.487984 -0.692293
0.284987 3.943503 0.680685
0.089678 7.824945 -0.787607
0.999095 3.895123 1.391709
0.384959 7.563356 0.365409
0.049770 7.578719 -1.393743
0.065891 7.573178 0.831773
0.179632 9.000649 0.187014
0.020993 7.036494 1.550576
0.298988 5.294348 0.635849
0.001447 4.338791 -0.289661
0.527957 4.131990 0.751743
0.126313 4.754368 -1.075294
0.964844 9.718765 1.078577
0.054922 9.349856 1.085302
0.110207 9.431279 0.381537
0.142436 3.224802 -0.953932
0.217195 9.728824 -0.471433
0.150882 2.243211 1.050255
0.647895 9.153583 -0.187523
0.835987 5.428653 -0.597589
0.373626 1.549365 -0.928479
0.400389 3.357080 -1.233884
0.077973 7.127870 -1.249844
0.077212 3.787999 1.533819
0.003530 2.518443 -0.961351
0.993997 6.018495 0.998225
0.009604 5.995842 0.401050
0.115317 2.283030 1.441709
0.965564 9.059934 0.589586
0.108274 7.076306 -1.274488
0.008017 2.589630 -1.481439
0.143860 6.102867 0.875501
0.052930 4.497757 0.494794
0.128719 4.497757 0.494794
0.070783 3.533106 0.111181
0.072672 3.037692 -0.566878
0.589558 7.329230 1.142274
0.027546 2.015664 0.486109
0.120054 3.780646 0.837472
0.026466 7.907212 0.231531
0.436844 4.611483 -0.221213
0.327828 9.740517 0.971871
0.024603 3.404132 -1.047800
0.054926 6.602783 0.457971
0.245416 1.354994 0.960182
0.015548 9.264323 0.553958
0.023053 8.616907 0.583911
0.145304 8.206450 -0.684746
0.249689 8.911026 0.446721
0.028458 6.069870 -0.673170
0.495545 3.656790 -0.885628
0.025786 1.999001 -0.198270
0.139963 1.965679 0.928094
0.143891 3.307614 0.380261
0.024791 9.511765 1.566757
0.157448 3.381990 -1.382625
0.095963 2.988958 1.393280
0.986130 6.801161 0.708022
0.003814 4.078867 -0.773488
0.517709 7.265971 0.834766
0.010619 6.921973 -1.499745
0.022799 3.571810 0.527340
0.954569 1.125731 0.132731
0.079185 4.713444 0.351443
0.061939 9.008044 -0.526874
0.051243 3.584913 0.527088
0.002900 4.278142 -1.096018
0.094845 9.178081 -0.525315
0.040208 8.740453 -0.265668
0.049937 1.152394 0.260952
0.003170 3.176635 -0.140815
0.148623 8.469785 0.612073
0.048525 5.357392 -0.683245
0.102108 3.879347 0.153867
0.024858 6.935453 -0.663386
0.203852 9.023398 -0.093472
0.287739 1.389473 0.142071
0.072891 4.896108 0.708626
0.079308 4.137848 0.188519
0.022124 5.365980 -0.860892
0.098864 3.119362 1.116522
0.013055 3.528400 -0.361005
0.023838 1.627288 -0.079304
0.952708 5.726255 1.238320
0.140677 7.473024 -1.153404
0.030620 9.461722 -0.055472
0.018239 3.657152 -0.167607
0.982038 5.714526 1.149981
0.228984 8.100554 0.169570
0.841567 3.240683 -0.352769
0.003968 2.138864 -1.380370
0.371103 9.253037 0.439200
0.072269 2.929956 1.479067
0.632544 2.487513 -0.545582
0.884734 3.222702 0.810074
0.345545 6.697121 -0.587865
0.010920 6.099185 0.658698
0.317234 9.058886 0.803097
0.307282 5.298875 -0.224070
0.965660 6.239566 -0.620682
0.689933 2.995204 -0.562313
0.002605 8.444563 0.302418
0.640098 3.643412 1.055204
0.690561 4.733449 1.272164
0.727214 2.312024 1.448914
0.017470 7.108432 0.006764
0.711599 1.236450 -1.070990
0.004304 2.724600 0.146746
0.033134 1.352738 -0.628612
0.205062 3.739514 0.769866
0.025773 7.695255 -0.583455
0.000354 9.456917 -1.536281
0.076993 2.126193 -1.054264
0.242471 3.765604 1.201749
0.028612 8.832254 -0.365213
0.162687 2.089290 -0.134446
0.003089 3.905798 -0.172350
0.707431 6.577178 1.209732
0.170100 8.180155 0.717900
0.025106 7.287503 -0.743070
0.144954 9.359000 -0.266832
0.008945 3.879828 0.055756
0.178435 8.658128 1.400922
0.396566 5.301432 0.593881
0.074991 8.134273 1.235097
0.006972 6.040816 1.369391
0.039771 1.709220 -1.554101
0.019388 6.133251 -0.183621
0.003528 5.121942 -0.268451
0.567782 5.474219 1.085743
0.365194 9.535379 -0.906303
0.282770 6.347702 -0.614945
0.643379 5.105080 0.583510
0.160068 6.390765 1.212750
0.071427 3.796061 0.003791
0.041327 1.844670 0.221703
0.971741 3.260745 1.136907
0.009785 4.580005 -0.811675
0.015438 9.838241 -0.654978
0.392807 2.659476 -0.119948
0.000858 1.947314 0.589783
0.958622 2.232553 0.440261
0.016877 3.585039 -0.462526
0.804512 8.012817 0.212996
0.059299 9.203566 -1.038781
0.970594 7.925947 -1.414828
0.107055 7.448074 0.341639
0.000861 3.886327 -0.798453
0.999973 9.060297 -1.295899
0.104987 1.911615 -0.165120
0.006135 5.654642 0.441431
0.008284 7.456372 1.149100
0.554209 4.549384 1.046383
0.021400 7.498407 1.368737
0.185024 9.066818 -0.678505
0.001460 3.972736 0.113209
0.999978 5.604395 0.149590
0.101860 8.467480 -1.025041
0.716184 4.745740 1.542132
0.654177 7.875327 -0.973384
0.077858 5.970418 0.696028
0.279005 4.264487 1.268178
0.199612 8.373129 0.575313
0.038489 1.042420 -0.196147
0.173590 6.387371 0.615231
0.067535 2.118865 -1.334601
0.919174 4.708939 -1.253432
0.063250 8.103881 0.593966
0.335327 9.553112 0.111560
0.003400 9.375152 1.248571
0.003076 4.026031 -0.986775
0.384837 7.994995 -0.331010
0.542052 2.189332 -0.718486
0.365148 8.979794 0.514563
0.012729 5.620206 -0.158209
0.010666 5.963400 0.826602
0.314455 1.108023 1.462533
0.207234 5.239220 -0.577589
0.021955 3.663801 -0.599914
0.199825 7.343685 0.292401
0.014126 9.098577 -0.021712
0.193997 9.043069 1.348674
0.057395 7.104963 -1.456077
0.367555 6.128151 -0.437920
0.010873 5.822541 1.141052
0.150682 4.194118 -0.688535
0.049270 3.350467 -0.065764
0.925102 2.930823 0.044118
0.110057 4.305785 -0.625634
0.000820 2.707706 0.912181
0.058134 6.195024 0.846462
0.029277 7.572255 1.508405
0.042814 4.884622 -0.735163
0.538890 4.060889 0.617306
0.193181 8.153947 -1.101220
0.347159 1.040942 1.318894
0.134381 6.708388 -0.924951
0.467832 8.027208 -0.117325
0.185284 3.688188 0.093348
0.655351 1.766736 -0.550196
0.001885 6.714585 -0.862540
0.001825 7.664755 0.795674
0.181389 5.853002 -0.001187
0.008132 2.252757 0.541763
0.155923 1.448072 -0.611532
0.014101 9.080336 -0.959264
0.024819 7.526910 -0.217635
0.051028 4.307599 0.798152
0.287533 1.595330 0.325029
0.908205 1.283295 -0.768739
0.196092 8.660074 -0.332101
0.018390 4.069805 0.430571
0.019210 9.995643 1.532898
0.116035 8.528137 1.085111
0.183850 5.311575 0.652937
0.068807 9.577401 0.416310
0.040106 4.015932 0.016747
0.598651 7.869120 -0.362079
0.000207 1.947041 -0.390073
0.004566 2.242790 0.025644
0.001892 5.685928 1.151032
0.263227 8.451072 -1.364770
0.305325 6.094324 1.086727
0.165308 3.419329 0.288909
0.004750 4.933254 0.684463
0.999904 2.831831 -1.427703
0.592554 6.368013 0.279258
0.516093 4.962945 -0.531240
0.354790 7.729750 -0.862092
0.039903 8.196047 -0.311538
0.378488 4.792067 -1.437422
0.026457 4.589547 -1.510812
0.018399 8.169098 -0.393413
0.767666 7.627807 -0.249071
0.822547 9.421369 -1.189623
0.039224 1.368995 -0.979598
0.146882 1.989512 0.363440
0.003278 6.993594 1.046182
0.547781 1.488334 0.248259
0.057535 6.764245 -1.266204
0.009786 4.253486 -1.368369
0.089762 2.165334 -0.450971
0.370199 4.431298 -1.093399
0.944869 7.741243 1.530845
0.030353 9.051859 -0.443609
0.091394 9.932254 -1.252694
0.014860 2.355845 -1.354006
0.741557 5.755062 0.678701
0.029793 8.225620 -1.166609
0.381036 6.122102 1.115047
0.087183 9.710637 0.297319
0.414363 1.394392 0.218123
0.146024 1.739982 -1.196204
0.036676 1.053706 1.490635
0.964875 8.802997 -0.834168
0.999934 8.429439 -0.642942
0.548547 6.174422 -1.137860
0.038594 4.451424 -0.418353
0.012454 1.474734 -1.127060
0.265185 1.615566 -1.074414
0.006749 3.768694 0.852206
0.033647 9.764030 -0.732167
0.045203 9.736086 1.233215
0.005051 8.325437 0.465563
0.146389 9.271256 0.900274
0.004597 3.521296 -1.463444
0.009385 3.502383 1.390063
0.898884 1.548493 -0.584651
0.990816 8.557979 -0.711800
0.005047 4.886392 0.919369
0.006110 4.186196 -1.457321
0.259525 1.371254 1.548829
0.571395 3.816931 -0.474073
0.749783 1.214630 0.346494
0.316691 6.599705 -0.517575
0.238451 7.891648 1.158900
0.001168 7.068047 0.555414
0.000974 8.461350 1.388645
0.902963 8.496041 -0.651199
0.006909 1.460327 -1.063998
0.972445 3.957433 -0.369923
0.320610 3.597870 -0.956747
0.488041 4.849361 1.308145
0.036862 2.043045 1.027498
0.001220 6.788561 0.234719
0.613718 3.232161 -1.197830
0.017215 8.290123 1.317591
0.170664 6.370627 -0.875758
0.000448 9.566350 0.527215
0.004792 2.433888 -1.131206
0.005398 3.158326 1.237726
0.075009 6.061522 -0.524498
0.027599 6.684555 -0.834954
0.001134 4.231261 0.307672
0.999790 4.063024 -0.657023
0.061233 8.577565 -1.349589
0.074271 2.830200 1.023415
0.087244 2.889097 -1.468522
0.956499 5.884214 -0.474196
0.164048 2.478706 -0.197688
0.019064 5.049562 -1.197072
0.007877 8.328787 0.464851
0.846871 3.284310 -1.514384
0.005622 7.770736 0.650142
0.044165 4.299000 0.093192
0.016696 5.422958 -1.060351
0.050740 7.398673 1.212144
0.028286 1.284649 1.098088
0.072260 6.940225 -1.112269
0.367137 4.790243 0.885610
0.768862 4.857382 -0.449505
0.046410 2.725606 -0.340344
0.317603 4.254102 1.054341
0.578393 2.722199 -1.133454
0.188965 5.808548 0.937282
0.834181 4.858277 0.103889
0.021918 3.929012 0.298369
0.969785 1.034601 -0.541568
0.157872 5.551902 1.097621
0.003685 5.112530 0.023798
0.179531 7.054598 -0.082612
0.153516 1.538000 -0.035739
0.933504 6.091934 -1.240733
0.000112 5.154609 -0.095598
0.005767 8.505787 -0.078465
0.032174 6.353474 -0.958557
0.406526 3.493988 1.065730
0.942073 9.851862 0.547263
0.357748 8.472055 0.997788
0.021396 4.410820 1.423171
0.057281 4.744317 0.687150
0.090347 6.701765 0.849703
0.998901 1.347510 -0.351527
0.002139 2.566856 -0.749737
0.409038 5.051730 1.393553
0.031644 4.892069 0.872045
0.067759 7.443917 0.022075
0.236956 3.198536 1.279602
0.359814 9.779592 -1.123593
0.209553 7.844226 -0.545095
0.925048 5.657005 -1.209248
0.105967 4.145577 -0.913588
0.015846 6.124064 -1.147480
0.203180 8.595261 1.364853
0.063746 2.144396 0.958365
0.345828 4.170583 -0.429226
0.390800 6.005132 -0.291516
0.924965 4.055206 -0.606121
0.272093 6.925995 0.203069
0.104608 4.313548 -1.400363
0.061921 5.681571 -0.532216
0.136274 5.795269 0.796915
0.188406 7.041856 1.186363
0.384439 2.289149 -0.870705
0.585173 8.626943 1.108441
0.070901 6.414634 1.386149
0.473390 1.633658 1.337583
0.410241 1.588017 -1.000188
0.347302 5.958246 -1.044620
0.892798 6.286412 -0.603052
0.921492 3.271620 -0.261390
0.571192 8.374092 -1.116816
0.120566 4.457596 0.779794
0.028434 9.669824 -0.576623
0.002831 6.776261 -0.666097
0.000482 6.877569 0.850852
0.022427 9.580161 -0.702251
0.023384 4.175837 -1.057784
0.072893 2.288731 0.970609
0.189077 3.460037 0.385951
0.501883 4.960678 0.007651
0.025869 9.696012 -0.366040
0.016180 2.375890 -1.318580
0.021120 2.406293 1.190105
0.031816 7.663427 0.661798
0.150942 6.817640 -1.474867
0.964547 5.478199 1.531533
0.116097 8.269335 1.539025
0.987381 5.888426 -0.069297
0.040461 8.494217 1.104484
0.467965 3.119665 -0.357318
0.130944 2.234242 0.818251
0.906662 4.458894 -0.948477
0.207690 2.349801 0.515126
0.082379 1.393570 0.753706
0.197165 2.955711 -0.390237
0.050381 1.102563 1.110392
0.260059 2.570567 1.427933
0.277871 2.107963 1.421626
0.154013 7.978922 1.320704
0.115345 7.141066 -0.143704
0.035084 2.163002 1.051072
0.010959 4.157116 0.270240
0.540155 9.051649 0.157256
0.013970 3.736881 -0.673003
0.055783 3.748074 -0.084229
0.299792 1.600588 0.836428
1.000000 4.149563 -0.521374
0.489918 4.520901 -0.300615
0.162541 6.376490 -0.864028
0.307117 5.292380 1.502947
0.389029 6.784805 1.039730
0.455815 4.381366 0.997831
0.007390 2.546147 -1.466486
0.033529 4.376495 0.942042
0.910337 3.937502 -0.089198
0.914247 7.966087 1.448444
0.016329 5.113806 -0.003235
0.187604 6.387864 -0.481287
0.216673 8.361524 0.572958
0.091378 9.568849 -0.334736
0.004741 7.267482 -0.582195
0.248569 7.160439 1.058400
0.354549 9.421356 -0.602270
0.048134 7.224216 1.335938
0.038108 7.478591 -1.403862
0.339782 9.714942 -0.114424
0.067372 4.949540 -0.760798
0.806464 8.099380 0.457619
0.840198 2.895974 -1.233948
0.096311 1.132054 -1.028393
0.018761 7.952081 0.264797
0.053142 1.737553 -0.920300
0.059088 3.234237 -0.504782
0.963829 3.399183 1.167415
0.002525 2.064363 1.185296
0.999150 4.461143 -1.398808
0.972445 8.033377 1.008996
0.005647 8.259945 1.317440
0.004643 1.060034 1.470893
0.042753 5.371485 -0.658657
0.007118 2.025693 -0.862817
0.616354 9.847414 -0.998562
0.702400 6.721969 -0.317190
0.002879 6.012480 0.722212
0.016065 8.992800 -1.271529
0.752978 5.682240 1.449982
0.077292 5.227809 -0.067396
0.168680 7.643511 -0.467101
0.442552 1.795333 1.255491
0.094800 8.937983 0.511834
0.056861 3.544408 0.974598
0.143691 7.079533 -1.062081
0.016489 2.753055 1.385381
0.012165 8.192301 -0.966073
0.044052 4.512092 -0.914726
0.007997 4.611126 -0.194396
0.522022 7.515332 -0.138681
0.000072 9.587298 -0.073235
0.383891 6.974155 -0.608499
0.824890 1.800501 -0.320180
0.008391 1.248019 0.414259
0.028004 5.999119 0.050065
0.003612 4.364285 -0.942525
0.009138 7.146214 0.627849
0.001671 5.706558 0.494463
0.999839 3.749147 0.092077
0.352786 8.127454 0.464221
0.527439 9.600575 0.067381
0.049484 7.097457 -0.159830
0.073522 9.501092 -1.291417
0.240482 1.574283 -1.482093
0.249365 9.363831 0.499897
0.512593 8.430954 -0.209932
0.017159 9.706621 0.419116
0.022706 6.446845 0.942092
0.274321 8.066020 -0.468015
0.043537 4.911891 -1.095131
0.445785 7.262678 1.316906
0.999808 7.974920 1.001501
0.084467 5.585768 -0.974333
0.354873 4.993960 0.888273
0.167783 2.052012 -1.322336
0.080996 2.725944 -0.241666
0.197716 3.172498 0.393135
0.387003 1.446279 1.542448
0.006396 4.207052 0.197030
0.225220 6.961048 -0.687301
0.023566 3.790275 1.364588
0.371550 5.655373 0.166598
0.016955 3.592329 0.317884
0.017664 7.034336 -1.293194
0.484915 5.568374 -0.030770
0.341089 7.800805 -1.010697
0.243895 2.993790 -1.019989
0.075329 8.526958 0.204235
0.005055 5.659899 -1.143006
0.557826 7.442151 -0.366522
0.487035 5.227505 -1.079698
0.034540 3.142198 -0.376356
0.073591 2.859735 -1.115348
0.032340 3.632401 0.454198
0.006619 1.817088 1.262321
0.129201 5.823916 -0.963340
0.750195 4.802789 -0.877175
0.035094 6.794880 1.360254
0.000674 9.869496 0.433163
0.024012 6.242768 -0.484248
0.180631 6.271927 1.024485
0.024712 1.662963 -1.210695
0.001357 1.101784 0.894580
0.069393 3.374869 -0.337233
0.012283 2.698142 -0.496341
0.014514 2.219473 0.575299
0.003720 2.465503 -0.652248
0.553782 7.754740 -0.301542
0.232739 4.454696 -0.619479
0.095586 7.617153 -1.065603
0.880687 8.887718 0.861803
0.165821 9.942786 -1.307048
0.798054 4.014189 0.518485
0.139576 6.708398 0.310759
0.006610 9.195685 -0.476241
0.907363 2.973867 -0.193179
0.494272 6.326673 -1.121343
0.129161 8.782423 0.296085
0.284807 8.096869 -1.450093
0.666796 2.770986 0.226513
0.850055 6.044873 1.567956
0.184796 5.195971 1.469474
0.012675 2.510556 0.825670
0.039391 2.061111 -0.384186
0.563099 5.171537 -1.232703
0.077556 5.590313 0.364093
0.321148 6.865152 1.505495
0.004236 8.612126 -0.270796
0.237334 8.069108 -1.025664
0.517894 8.487984 -0.692293
0.284987 3.943503 0.680685
0.089678 7.824945 -0.787607
0.999095 3.895123 1.391709
0.384959 7.563356 0.365409
0.049770 7.578719 -1.393743
0.065891 7.573178 0.831773
0.179632 9.000649 0.187014
0.020993 7.036494 1.550576
0.298988 5.294348 0.635849
0.001447 4.338791 -0.289661
0.527957 4.131990 0.751743
0.126313 4.754368 -1.075294
0.964844 9.718765 1.078577
0.054922 9.349856 1.085302
0.110207 9.431279 0.381537
0.142436 3.224802 -0.953932
0.217195 9.728824 -0.471433
0.150882 2.243211 1.050255
0.647895 9.153583 -0.187523
0.835987 5.428653 -0.597589
0.373626 1.549365 -0.928479
0.400389 3.357080 -1.233884
0.077973 7.127870 -1.249844
0.077212 3.787999 1.533819
0.003530 2.518443 -0.961351
0.993997 6.018495 0.998225
0.009604 5.995842 0.401050
0.115317 2.283030 1.441709
0.965564 9.059934 0.589586
0.108274 7.076306 -1.274488
0.008017 2.589630 -1.481439
0.143860 6.102867 0.875501
0.052930 4.497757 0.494794
0.128719 4.497757 0.494794
636
1.000000 1.179223 -0.021240
1.000000 1.265742 -0.016460
0.999999 1.325055 -0.036227
0.999999 1.406487 -0.063896
0.999997 1.469841 -0.034391
0.999998 1.486907 0.003827
0.999995 1.469654 0.030748
0.999991 1.424639 0.049247
0.999999 1.376472 0.065240
0.999994 1.356108 0.085381
0.999998 1.328562 0.106840
0.999994 1.316507 0.126170
0.999990 1.310184 0.138612
0.999994 1.308873 0.165795
0.999995 1.309187 0.154051
0.999999 1.310151 0.172288
0.999997 1.310240 0.164431
1.000000 1.310490 0.171295
0.999999 1.314472 0.184350
1.000000 1.314526 0.191189
0.999983 1.315095 0.181852
0.999999 1.315708 0.179552
0.999999 1.318002 0.181438
0.999999 1.315720 0.175209
0.999999 1.316949 0.159155
1.000000 1.307336 0.115895
1.000000 1.302015 0.119508
0.999999 1.295923 0.115569
0.999999 1.289234 0.104256
0.999999 1.284732 0.092714
1.000000 1.283606 0.094815
1.000000 1.282674 0.081156
0.999992 1.284024 0.058108
0.999914 1.279359 0.018136
0.999852 1.273659 -0.026367
0.999817 1.271615 -0.078536
0.998917 1.276519 -0.117117
0.998601 1.275693 -0.162722
0.999391 1.278803 -0.193787
0.998730 1.281206 -0.233967
0.997979 1.284768 -0.279359
0.984461 1.283074 -0.306236
0.899230 1.284581 -0.319536
0.952543 1.286090 -0.318812
0.988547 1.290610 -0.308055
0.987428 1.294828 -0.313572
0.998307 1.290896 -0.294617
0.981318 1.297773 -0.271562
0.999339 1.302276 -0.247975
0.999333 1.304096 -0.199224
0.999918 1.309314 -0.189517
0.999991 1.311960 -0.168656
0.999958 1.320021 -0.146979
0.999952 1.323220 -0.106464
0.999999 1.365843 -0.054924
1.000000 1.451704 -0.005016
0.999996 1.533667 0.018303
0.999998 1.567917 0.020963
0.999996 1.616332 0.014523
0.999982 1.640621 -0.020687
0.999981 1.657672 -0.039426
0.999892 1.664770 -0.021757
0.998628 1.670140 0.001686
0.998540 1.661889 0.037897
0.988129 1.664081 -0.067092
0.999149 1.669134 -0.072208
0.965733 1.665006 0.000131
0.992941 1.663004 0.034432
0.993468 1.658310 0.029813
0.994068 1.655341 -0.054072
0.985362 1.655759 -0.141298
0.967614 1.658582 -0.159771
0.855562 1.656891 -0.183695
0.935576 1.651140 -0.171561
0.999168 1.646591 -0.111854
0.998277 1.647246 -0.190507
0.996311 1.656751 -0.280203
0.823150 1.655249 -0.349100
0.626935 1.656305 -0.395358
0.020416 1.662887 -0.453530
0.402756 1.665909 -0.480697
0.299283 1.665844 -0.496303
0.226660 1.658156 -0.506448
0.650737 1.642877 -0.508419
0.023375 1.641445 -0.501291
0.098706 1.631509 -0.476018
0.017794 1.625483 -0.447560
0.015806 1.614926 -0.448299
0.006726 1.612329 -0.455027
0.016960 1.608895 -0.459296
0.004033 1.607863 -0.460562
0.048592 1.604021 -0.432747
0.160117 1.604624 -0.468396
0.172035 1.603655 -0.429837
0.127435 1.603847 -0.424019
0.068887 1.605239 -0.416562
0.052625 1.605768 -0.425090
0.031352 1.603780 -0.421917
0.134939 1.609475 -0.455211
0.104199 1.607255 -0.457532
0.011842 1.604541 -0.450187
0.031429 1.603380 -0.437708
0.340706 1.603930 -0.468807
0.243696 1.605205 -0.444493
0.804101 1.607380 -0.400324
0.911977 1.594745 -0.301870
0.979756 1.584130 -0.232466
0.995053 1.580609 -0.157945
0.813063 1.586272 -0.075474
0.513254 1.581995 0.046876
0.375298 1.585019 0.182533
0.251538 1.588935 0.297367
0.005652 1.587052 0.412262
0.003966 1.600442 0.529462
0.126677 1.607256 0.521189
0.059302 1.597877 0.492240
0.176548 1.593001 0.461743
0.650960 1.581316 0.433070
0.197169 1.587885 0.450751
0.014916 1.587252 0.400140
0.180556 1.586468 0.380673
0.287515 1.586699 0.345625
0.894292 1.585889 0.309116
0.968050 1.582956 0.239626
0.915582 1.581507 0.213822
0.937691 1.582440 0.154908
0.998142 1.584432 0.074850
0.995601 1.579055 0.008279
0.949721 1.579417 -0.078517
0.972672 1.579730 -0.076319
0.977009 1.594192 -0.105955
0.995365 1.608316 -0.112495
0.994193 1.617529 -0.088144
0.990911 1.616780 -0.072195
0.998803 1.609746 -0.050365
0.997036 1.608368 -0.086971
0.994782 1.607807 -0.066752
0.998861 1.612047 -0.088136
0.999860 1.614899 0.026657
0.999994 1.617911 0.074490
0.999996 1.610823 0.059688
0.999995 1.609927 0.097018
0.999994 1.609725 0.097643
0.999996 1.608740 0.110021
0.999994 1.609155 0.110992
0.999991 1.614241 0.108845
0.999992 1.616017 0.107516
0.999994 1.615365 0.103264
0.999992 1.612651 0.098183
0.999993 1.609240 0.091321
0.999997 1.610106 0.096010
0.999997 1.607157 0.089594
0.999996 1.606187 0.087336
0.999986 1.603594 0.091751
0.999982 1.602933 0.100794
0.999936 1.603412 0.094358
0.999932 1.606137 0.092325
0.999988 1.606396 0.111667
0.999899 1.609689 0.113726
0.999987 1.609381 0.107226
0.999790 1.606195 0.065756
0.998902 1.599987 0.053841
0.979102 1.594573 0.049006
0.978918 1.592097 0.053977
0.964615 1.590999 0.055190
0.990112 1.593902 0.038167
0.973507 1.602441 0.022791
0.994867 1.603798 -0.028398
0.996664 1.607203 -0.066307
0.992843 1.609784 -0.077763
0.999849 1.619922 -0.021252
0.999979 1.623838 0.054482
0.999999 1.624740 0.124767
0.999961 1.632102 0.243356
0.999896 1.629184 0.310362
1.000000 1.624672 0.337210
0.999978 1.619843 0.314718
0.999990 1.615736 0.261504
0.999970 1.618148 0.164760
0.999560 1.622823 0.043753
0.999818 1.625815 -0.017715
0.999740 1.630054 -0.071139
0.999366 1.631890 -0.096106
0.999621 1.628023 -0.133142
0.999565 1.622522 -0.180991
0.995604 1.600104 -0.297198
0.991786 1.575109 -0.366029
0.991399 1.555240 -0.493924
0.997632 1.539549 -0.554327
0.984136 1.533127 -0.565777
0.985693 1.532370 -0.537399
0.994348 1.528729 -0.519716
0.986772 1.526003 -0.535351
0.994269 1.530019 -0.583004
0.988281 1.532594 -0.596753
0.944510 1.529123 -0.560669
0.999716 1.529066 -0.459582
0.997134 1.550514 -0.389505
0.997504 1.565913 -0.300341
0.999640 1.567818 -0.245776
0.999994 1.564122 -0.151888
0.999655 1.530589 -0.100186
0.999992 1.480733 -0.104352
0.999988 1.446815 -0.100062
0.999878 1.410472 -0.095671
0.999959 1.378273 -0.109125
0.999840 1.359312 -0.083817
0.999997 1.341360 -0.053689
0.999964 1.337870 -0.052374
0.999993 1.350931 -0.024130
0.999672 1.406495 0.011129
0.999881 1.459982 0.000368
0.999657 1.569821 -0.009372
0.995194 1.628853 -0.025905
0.990339 1.697428 -0.012623
0.874896 1.739634 -0.016090
0.791021 1.739669 -0.022095
0.120860 1.705589 -0.034845
0.098810 1.662822 -0.059694
0.379517 1.603888 -0.119925
0.014161 1.547259 -0.097534
0.022918 1.547129 -0.047578
0.006295 1.531767 0.028000
0.313275 1.523618 0.234788
0.946801 1.790810 0.349667
0.934581 1.785770 0.248303
0.999479 1.765284 0.131533
0.999613 1.753870 0.161925
0.999976 1.748228 0.189398
0.999877 1.731320 0.206585
0.999806 1.716354 0.175442
0.999923 1.699471 0.087002
0.999951 1.688165 0.097637
0.999991 1.677625 0.086111
0.999998 1.680994 0.107645
0.999999 1.678902 0.078889
0.999994 1.666119 -0.016189
0.999999 1.655947 -0.017828
0.999999 1.663537 -0.028654
1.000000 1.674131 -0.053354
1.000000 1.683260 -0.111770
0.000000 1.690941 -0.197752
0.000000 1.725667 -0.339842
0.000000 1.721991 -0.383209
0.999882 1.691980 -0.407486
0.999885 1.648139 -0.395395
0.999947 1.589728 -0.373946
0.998714 1.568972 -0.438797
0.999834 1.581812 -0.315728
0.999938 1.622259 -0.189820
0.999966 1.646926 -0.320663
0.999685 1.673871 -0.314360
0.999888 1.675661 -0.263698
0.999940 1.674115 -0.324507
0.995072 1.657356 -0.270451
0.984878 1.637374 -0.276102
0.963566 1.568819 -0.347311
0.975628 1.469399 -0.364686
0.767378 1.024761 -0.182440
0.999864 0.916120 -0.103173
0.999662 0.916120 -0.103173
0.999988 1.203855 -0.090689
0.999991 1.292652 -0.153499
0.999973 1.432993 -0.228872
0.999996 1.529107 -0.228219
0.999991 1.590280 -0.233403
0.999999 1.621856 -0.235702
0.999999 1.657016 -0.117505
1.000000 1.676466 0.005855
0.999999 1.682202 0.099413
1.000000 1.687748 0.142487
1.000000 1.691733 0.143596
0.999998 1.684581 0.135597
0.999999 1.682290 0.128533
0.999999 1.673513 0.112252
0.999981 1.662522 0.094024
0.999992 1.640721 0.068475
0.999995 1.593382 0.063372
0.999993 1.538963 0.064766
0.999965 1.476118 0.015352
0.999998 1.433973 -0.015143
0.999957 1.394906 -0.046666
1.000000 1.359270 -0.125672
0.999585 1.309664 -0.187475
0.995658 1.252454 -0.204643
0.490216 1.089538 -0.312984
0.911440 1.214645 -0.404532
0.999705 1.273761 -0.198438
0.999959 1.333024 -0.081232
0.998580 1.395847 -0.036214
0.999987 1.442456 0.155270
0.999999 1.484160 0.055322
0.999999 1.514521 0.110774
0.999999 1.566285 0.034076
0.999991 1.591076 0.122762
0.999851 1.624229 0.273901
0.937659 1.641976 0.355969
0.999840 1.431346 0.318701
0.999990 1.416570 0.176441
0.999999 1.410781 0.000768
0.998105 1.399600 -0.181841
0.783466 1.391376 -0.544299
0.035813 1.409279 -0.689203
0.000498 1.446460 -0.930883
0.027817 1.408974 -0.901561
0.001103 1.385916 -0.734928
0.052390 1.376844 -0.331193
0.985952 1.362374 -0.213021
0.999999 1.347115 -0.030571
1.000000 1.363571 0.031213
0.999975 1.383201 0.192685
0.345868 1.388414 0.284748
0.878103 1.531700 0.343010
0.999956 1.555786 0.245368
0.999991 1.556720 0.102023
0.997893 1.397800 2.924593
0.999988 1.434582 0.627896
0.999937 1.419961 0.548854
0.999997 1.401570 0.386391
0.999993 1.363263 0.369280
1.000000 1.342222 0.327153
1.000000 1.324846 0.353128
0.999999 1.326977 0.310008
0.999999 1.350931 0.154473
0.999991 1.391935 0.021948
0.999953 1.394830 0.042541
0.999968 1.424153 -0.035267
0.999999 1.454404 0.025232
1.000000 1.484946 0.091251
1.000000 1.536690 0.108753
1.000000 1.589136 0.112714
0.999999 1.615745 0.114056
0.999998 1.640930 0.165905
0.999973 1.650002 0.264294
0.999684 1.662175 0.317060
0.989620 1.659952 0.362340
0.847152 1.606157 0.541753
0.999859 1.606980 0.400178
1.000000 1.600184 0.298786
1.000000 1.607360 0.201964
0.999999 1.606777 0.105876
0.998479 1.608899 0.027135
0.658968 1.627067 -0.052577
0.460891 1.637961 -0.208597
0.051583 1.646736 -0.366802
0.044252 1.649119 -0.304745
0.894946 1.648721 -0.272209
0.217155 1.630353 -0.244157
0.016791 1.584702 -0.213136
0.972904 1.561389 -0.053144
0.999877 1.540052 -0.055480
1.000000 1.547105 0.026404
0.999996 1.555656 0.187659
0.927739 1.574800 0.321620
0.034601 1.620792 0.487942
0.997905 1.627225 0.392240
0.999981 1.628302 0.220048
0.970247 1.625747 0.060795
0.026591 1.619989 -0.066187
0.999888 1.703285 0.520771
0.996049 1.706193 0.586946
0.895756 1.707328 0.611077
0.860553 1.707877 0.628550
0.998316 1.708232 0.539002
0.999799 1.705137 0.483939
0.997203 1.698818 0.406286
0.107536 1.676010 -0.002003
1.000000 1.701053 0.291365
0.972064 1.698568 0.594498
0.380379 1.549671 0.414680
0.999872 1.539962 0.352165
0.999999 1.538273 0.193140
1.000000 1.549356 0.048868
0.999242 1.561887 -0.019813
0.044384 1.569580 -0.083185
0.610291 1.585782 -0.183975
0.999988 1.587096 -0.044766
1.000000 1.587782 0.053368
0.999999 1.596575 0.259573
0.999662 1.598437 0.360847
0.833400 1.591012 0.420455
0.798308 1.608222 0.504239
0.999878 1.608281 0.378758
0.999999 1.619273 0.245525
1.000000 1.658418 0.128763
1.000000 1.672405 0.011903
0.997858 1.682029 -0.112660
0.983752 1.704130 -0.071332
0.101615 1.718394 -0.285395
0.252456 1.730080 -0.627480
0.836446 1.733779 -0.373926
0.826828 1.736635 -0.233848
0.999999 1.736420 -0.134367
1.000000 1.741543 0.015286
0.999988 1.743212 0.108483
0.018345 1.749158 0.291811
0.999752 1.774719 0.340364
0.999988 1.764659 0.132139
0.999995 1.758543 -0.128438
0.035919 1.752080 -0.193931
0.000908 1.706127 -1.145473
0.010438 1.727144 -0.544262
0.005910 1.694721 -0.720846
0.881984 1.657914 -0.347202
0.999872 1.653288 -0.162838
0.999996 1.663296 0.799786
0.999692 1.672576 0.041049
0.996391 1.686039 0.102736
0.066154 1.698848 0.217558
0.925066 1.682091 0.354756
0.999310 1.688733 0.216275
0.999963 1.688970 0.061292
0.914280 1.684600 -0.019976
0.043592 1.692532 -0.253652
0.085168 1.719908 0.773246
0.994434 1.699252 0.652707
0.999727 1.699030 0.509323
0.999957 1.690622 0.307964
0.999845 1.672447 0.513372
0.999995 2.103942 0.057511
0.999934 2.109047 0.019708
0.999783 2.111641 0.043645
0.999986 2.115994 0.033394
0.999951 2.123072 0.061477
0.999907 2.126168 0.097262
0.999936 2.128863 0.054424
0.993079 2.129314 0.084613
0.965987 2.129035 0.077785
0.125605 2.121219 -0.156002
0.997813 2.118839 -0.034254
0.999273 2.114460 0.115204
0.998865 2.110562 0.172277
0.064226 2.122747 0.339943
0.997720 2.122778 0.381265
0.992843 2.120199 0.246550
0.983022 2.114837 0.121379
0.991502 2.103864 -0.004126
0.988738 2.099145 0.000756
0.996926 2.093211 -0.008575
0.980781 2.089237 -0.001493
0.998579 2.087711 0.010681
0.998846 2.087081 0.025262
0.999714 2.086475 0.057014
0.999865 2.084854 0.090431
0.999936 2.065812 0.085126
0.997656 2.029360 0.052354
0.995294 1.932036 -0.015871
0.997216 1.861000 -0.059202
0.985131 1.722376 0.144155
0.989676 1.629446 -0.039800
0.978307 1.561865 0.018088
0.961195 1.524871 0.126345
0.992002 1.502650 0.140201
0.992174 1.492266 0.175254
0.215649 1.490835 0.156601
0.965229 1.483287 -0.050148
0.988192 1.483270 0.081864
0.985375 1.483493 0.135981
0.003797 1.481249 0.317281
0.616255 1.490583 0.378068
0.863176 1.487655 0.269481
0.863750 1.483261 0.164457
0.993793 1.475568 0.034127
0.999003 1.467863 0.075446
0.423646 1.465897 -0.000061
0.983516 1.473031 0.003211
0.940703 1.483032 0.041586
0.996885 1.540502 0.034101
0.990585 1.598747 0.107120
0.878561 1.728494 0.076519
0.999714 1.854202 0.123042
0.999988 1.967432 0.107248
0.998739 2.061224 0.117428
0.999720 2.164633 0.006574
0.990944 2.288490 -0.027421
0.999626 2.411072 0.061483
0.979547 2.484955 0.009755
0.998239 2.546453 0.036390
0.999512 2.585588 0.035901
0.978082 2.605394 0.040389
0.862696 2.643061 0.044027
0.045351 2.648891 -0.053079
0.209828 2.664984 -0.216131
0.825860 2.660176 -0.163485
0.939052 2.651284 0.014205
0.945239 2.655112 0.279786
0.990002 2.654387 0.179709
0.996649 2.655028 0.104438
0.933632 2.655196 0.053406
0.998040 2.651447 -0.071352
0.998388 2.666070 -0.131737
0.998399 2.666368 -0.112611
0.998177 2.673492 -0.101353
0.999617 2.680853 -0.094501
0.108035 2.684331 -0.090372
0.998926 2.672615 -0.103956
0.992812 2.671987 -0.125049
0.997149 2.669042 -0.134762
0.904502 2.668508 -0.162959
0.990899 2.667079 -0.224689
0.709318 2.668140 -0.252191
0.938362 2.671826 -0.258762
0.062499 2.669259 -0.226489
0.578140 2.667698 -0.187461
0.994202 2.668488 -0.150694
0.999334 2.667729 -0.150617
0.999701 2.666882 -0.157394
0.999397 2.667486 -0.154900
0.998962 2.681148 -0.166716
0.986690 2.679220 -0.157929
0.998755 2.677593 -0.150388
0.419016 2.682912 -0.132034
0.997890 2.685555 -0.070635
0.983787 2.710424 -0.015215
0.726423 2.779792 0.002016
0.276392 2.876425 -0.050880
0.798296 3.286296 -0.178017
0.999739 3.367632 -0.190287
0.004042 3.009913 -0.162694
0.986933 2.976266 -0.149359
0.999016 2.902301 -0.071822
0.913415 2.892961 -0.060626
0.997662 2.898170 -0.133416
0.993254 2.899201 -0.145795
0.949136 2.900080 -0.155766
0.988051 2.900173 -0.145554
0.824043 2.912930 -0.126987
0.995740 2.901596 -0.088306
0.956748 2.847178 -0.008294
0.016597 2.777602 -0.010309
0.843989 2.548931 -0.077347
0.746491 2.431985 -0.154323
0.053549 2.326857 -0.168814
0.989208 2.272286 -0.109942
0.956505 2.226444 -0.042723
0.997771 2.179068 0.059426
0.999626 2.152224 0.046050
0.999787 2.124547 -0.013927
0.514160 2.107755 -0.096440
0.071106 2.104793 -0.238796
0.893149 2.104731 -0.240830
0.998457 2.105022 -0.048724
0.397018 2.104309 0.167475
0.307450 2.102703 0.323823
0.002849 2.111111 0.461263
0.843478 2.089140 0.104648
0.999735 2.099520 -0.065586
0.988962 2.106374 -0.226948
0.372941 2.105670 -0.299387
0.062492 2.104631 -0.319703
0.038291 2.105445 -0.302933
0.786760 2.104301 -0.265352
0.862908 2.104605 -0.216079
0.998976 2.097997 -0.170560
0.998426 2.094707 -0.115085
0.999763 2.093835 -0.044251
0.995706 2.094580 0.013920
0.999103 2.095254 0.017245
0.881960 2.086860 -0.027116
0.997707 2.086414 -0.056167
0.998331 2.094906 -0.130012
0.993968 2.112908 -0.160020
0.998524 2.124879 -0.121673
0.996356 2.126958 -0.051304
0.991114 2.126619 0.003606
0.999916 2.137588 -0.000197
0.998639 2.145196 -0.043756
0.999876 2.135951 -0.136097
0.999906 2.136605 -0.197546
0.999973 2.147981 -0.167223
0.998776 2.148868 -0.136735
0.999930 2.143474 -0.123957
0.998308 2.147091 -0.194657
0.028761 2.151417 -0.328114
0.005833 2.170223 -0.462465
0.350392 2.173282 -0.362217
0.999833 2.172976 -0.208882
0.999975 2.176876 -0.040408
0.065782 2.183654 0.141386
0.999450 2.175768 -0.087439
0.999979 2.176134 -0.251669
0.976167 2.178641 -0.335478
0.968041 2.177177 -0.348879
0.995857 2.176704 -0.313331
0.999992 2.165873 -0.264860
0.999997 2.166908 -0.236832
0.999971 2.163071 -0.221053
0.999998 2.160931 -0.181395
0.999956 2.153363 -0.165635
0.999498 2.151845 -0.163972
0.998048 2.141144 -0.195330
0.999987 2.137688 -0.205127
0.999997 2.133518 -0.229141
0.999940 2.135422 -0.238598
0.999998 2.149729 -0.230897
0.999945 2.156643 -0.218662
0.999970 2.164311 -0.209362
0.999644 2.166863 -0.218997
0.999845 2.166759 -0.214167
0.999942 2.166282 -0.206858
0.999990 2.167795 -0.211380
0.999967 2.164880 -0.183589
0.999976 2.167527 -0.179358
0.999990 2.175717 -0.158249
0.999992 2.177003 -0.125228
0.999986 2.167234 -0.105634
0.999983 2.166607 -0.126262
0.999993 2.167167 -0.142013
0.999987 2.157403 -0.144095
0.999992 2.139992 -0.151275
0.999974 2.125218 -0.151492
0.999875 2.087939 -0.165843
0.998496 2.053087 -0.116797
0.972749 2.004899 -0.127434
0.984746 1.952032 -0.083580
0.993169 1.903321 -0.008557
0.680547 1.867883 0.062236
0.956443 1.840906 0.114183
0.775720 1.830392 0.112316
0.934345 1.825604 0.050453
0.997379 1.800578 -0.142085
0.784082 1.780097 -0.218746
0.008370 1.738249 -0.222199
0.180023 1.697398 -0.212521
0.914889 1.660769 -0.255988
0.025622 1.621927 -0.279568
0.961753 1.566381 -0.261512
0.994030 1.509791 -0.184595
0.988658 1.441226 -0.124608
0.999946 1.376214 -0.072091
0.999973 1.319868 -0.007517
0.999790 1.267102 0.022684
0.999964 1.216916 -0.021539
0.995589 1.172550 -0.117402
0.967081 1.135249 -0.158898
0.997275 1.083238 -0.164769
