3.533106 0.111181
3.037692 -0.566878
7.329230 1.142274
2.015664 0.486109
3.780646 0.837472
7.907212 0.231531
4.611483 -0.221213
9.740517 0.971871
3.404132 -1.047800
6.602783 0.457971
1.354994 0.960182
9.264323 0.553958
8.616907 0.583911
8.206450 -0.684746
8.911026 0.446721
6.069870 -0.673170
3.656790 -0.885628
1.999001 -0.198270
1.965679 0.928094
3.307614 0.380261
9.511765 1.566757
3.381990 -1.382625
2.988958 1.393280
6.801161 0.708022
4.078867 -0.773488
7.265971 0.834766
6.921973 -1.499745
3.571810 0.527340
1.125731 0.132731
4.713444 0.351443
9.008044 -0.526874
3.584913 0.527088
4.278142 -1.096018
9.178081 -0.525315
8.740453 -0.265668
1.152394 0.260952
3.176635 -0.140815
8.469785 0.612073
5.357392 -0.683245
3.879347 0.153867
6.935453 -0.663386
9.023398 -0.093472
1.389473 0.142071
4.896108 0.708626
4.137848 0.188519
5.365980 -0.860892
3.119362 1.116522
3.528400 -0.361005
1.627288 -0.079304
5.726255 1.238320
7.473024 -1.153404
9.461722 -0.055472
3.657152 -0.167607
5.714526 1.149981
8.100554 0.169570
3.240683 -0.352769
2.138864 -1.380370
9.253037 0.439200
2.929956 1.479067
2.487513 -0.545582
3.222702 0.810074
6.697121 -0.587865
6.099185 0.658698
9.058886 0.803097
5.298875 -0.224070
6.239566 -0.620682
2.995204 -0.562313
8.444563 0.302418
3.643412 1.055204
4.733449 1.272164
2.312024 1.448914
7.108432 0.006764
1.236450 -1.070990
2.724600 0.146746
1.352738 -0.628612
3.739514 0.769866
7.695255 -0.583455
9.456917 -1.536281
2.126193 -1.054264
3.765604 1.201749
8.832254 -0.365213
2.089290 -0.134446
3.905798 -0.172350
6.577178 1.209732
8.180155 0.717900
7.287503 -0.743070
9.359000 -0.266832
3.879828 0.055756
8.658128 1.400922
5.301432 0.593881
8.134273 1.235097
6.040816 1.369391
1.709220 -1.554101
6.133251 -0.183621
5.121942 -0.268451
5.474219 1.085743
9.535379 -0.906303
6.347702 -0.614945
5.105080 0.583510
6.390765 1.212750
3.796061 0.003791
1.844670 0.221703
3.260745 1.136907
4.580005 -0.811675
9.838241 -0.654978
2.659476 -0.119948
1.947314 0.589783
2.232553 0.440261
3.585039 -0.462526
8.012817 0.212996
9.203566 -1.038781
7.925947 -1.414828
7.448074 0.341639
3.886327 -0.798453
9.060297 -1.295899
1.911615 -0.165120
5.654642 0.441431
7.456372 1.149100
4.549384 1.046383
7.498407 1.368737
9.066818 -0.678505
3.972736 0.113209
5.604395 0.149590
8.467480 -1.025041
4.745740 1.542132
7.875327 -0.973384
5.970418 0.696028
4.264487 1.268178
8.373129 0.575313
1.042420 -0.196147
6.387371 0.615231
2.118865 -1.334601
4.708939 -1.253432
8.103881 0.593966
9.553112 0.111560
9.375152 1.248571
4.026031 -0.986775
7.994995 -0.331010
2.189332 -0.718486
8.979794 0.514563
5.620206 -0.158209
5.963400 0.826602
1.108023 1.462533
5.239220 -0.577589
3.663801 -0.599914
7.343685 0.292401
9.098577 -0.021712
9.043069 1.348674
7.104963 -1.456077
6.128151 -0.437920
5.822541 1.141052
4.194118 -0.688535
3.350467 -0.065764
2.930823 0.044118
4.305785 -0.625634
2.707706 0.912181
6.195024 0.846462
7.572255 1.508405
4.884622 -0.735163
4.060889 0.617306
8.153947 -1.101220
1.040942 1.318894
6.708388 -0.924951
8.027208 -0.117325
3.688188 0.093348
1.766736 -0.550196
6.714585 -0.862540
7.664755 0.795674
5.853002 -0.001187
2.252757 0.541763
1.448072 -0.611532
9.080336 -0.959264
7.526910 -0.217635
4.307599 0.798152
1.595330 0.325029
1.283295 -0.768739
8.660074 -0.332101
4.069805 0.430571
9.995643 1.532898
8.528137 1.085111
5.311575 0.652937
9.577401 0.416310
4.015932 0.016747
7.869120 -0.362079
1.947041 -0.390073
2.242790 0.025644
5.685928 1.151032
8.451072 -1.364770
6.094324 1.086727
3.419329 0.288909
4.933254 0.684463
2.831831 -1.427703
6.368013 0.279258
4.962945 -0.531240
7.729750 -0.862092
8.196047 -0.311538
4.792067 -1.437422
4.589547 -1.510812
8.169098 -0.393413
7.627807 -0.249071
9.421369 -1.189623
1.368995 -0.979598
1.989512 0.363440
6.993594 1.046182
1.488334 0.248259
6.764245 -1.266204
4.253486 -1.368369
2.165334 -0.450971
4.431298 -1.093399
7.741243 1.530845
9.051859 -0.443609
9.932254 -1.252694
2.355845 -1.354006
5.755062 0.678701
8.225620 -1.166609
6.122102 1.115047
9.710637 0.297319
1.394392 0.218123
1.739982 -1.196204
1.053706 1.490635
8.802997 -0.834168
8.429439 -0.642942
6.174422 -1.137860
4.451424 -0.418353
1.474734 -1.127060
1.615566 -1.074414
3.768694 0.852206
9.764030 -0.732167
9.736086 1.233215
8.325437 0.465563
9.271256 0.900274
3.521296 -1.463444
3.502383 1.390063
1.548493 -0.584651
8.557979 -0.711800
4.886392 0.919369
4.186196 -1.457321
1.371254 1.548829
3.816931 -0.474073
1.214630 0.346494
6.599705 -0.517575
7.891648 1.158900
7.068047 0.555414
8.461350 1.388645
8.496041 -0.651199
1.460327 -1.063998
3.957433 -0.369923
3.597870 -0.956747
4.849361 1.308145
2.043045 1.027498
6.788561 0.234719
3.232161 -1.197830
8.290123 1.317591
6.370627 -0.875758
9.566350 0.527215
2.433888 -1.131206
3.158326 1.237726
6.061522 -0.524498
6.684555 -0.834954
4.231261 0.307672
4.063024 -0.657023
8.577565 -1.349589
2.830200 1.023415
2.889097 -1.468522
5.884214 -0.474196
2.478706 -0.197688
5.049562 -1.197072
8.328787 0.464851
3.284310 -1.514384
7.770736 0.650142
4.299000 0.093192
5.422958 -1.060351
7.398673 1.212144
1.284649 1.098088
6.940225 -1.112269
4.790243 0.885610
4.857382 -0.449505
2.725606 -0.340344
4.254102 1.054341
2.722199 -1.133454
5.808548 0.937282
4.858277 0.103889
3.929012 0.298369
1.034601 -0.541568
5.551902 1.097621
5.112530 0.023798
7.054598 -0.082612
1.538000 -0.035739
6.091934 -1.240733
5.154609 -0.095598
8.505787 -0.078465
6.353474 -0.958557
3.493988 1.065730
9.851862 0.547263
8.472055 0.997788
4.410820 1.423171
4.744317 0.687150
6.701765 0.849703
1.347510 -0.351527
2.566856 -0.749737
5.051730 1.393553
4.892069 0.872045
7.443917 0.022075
3.198536 1.279602
9.779592 -1.123593
7.844226 -0.545095
5.657005 -1.209248
4.145577 -0.913588
6.124064 -1.147480
8.595261 1.364853
2.144396 0.958365
4.170583 -0.429226
6.005132 -0.291516
4.055206 -0.606121
6.925995 0.203069
4.313548 -1.400363
5.681571 -0.532216
5.795269 0.796915
7.041856 1.186363
2.289149 -0.870705
8.626943 1.108441
6.414634 1.386149
1.633658 1.337583
1.588017 -1.000188
5.958246 -1.044620
6.286412 -0.603052
3.271620 -0.261390
8.374092 -1.116816
4.457596 0.779794
9.669824 -0.576623
6.776261 -0.666097
6.877569 0.850852
9.580161 -0.702251
4.175837 -1.057784
2.288731 0.970609
3.460037 0.385951
4.960678 0.007651
9.696012 -0.366040
2.375890 -1.318580
2.406293 1.190105
7.663427 0.661798
6.817640 -1.474867
5.478199 1.531533
8.269335 1.539025
5.888426 -0.069297
8.494217 1.104484
3.119665 -0.357318
2.234242 0.818251
4.458894 -0.948477
2.349801 0.515126
1.393570 0.753706
2.955711 -0.390237
1.102563 1.110392
2.570567 1.427933
2.107963 1.421626
7.978922 1.320704
7.141066 -0.143704
2.163002 1.051072
4.157116 0.270240
9.051649 0.157256
3.736881 -0.673003
3.748074 -0.084229
1.600588 0.836428
4.149563 -0.521374
4.520901 -0.300615
6.376490 -0.864028
5.292380 1.502947
6.784805 1.039730
4.381366 0.997831
2.546147 -1.466486
4.376495 0.942042
3.937502 -0.089198
7.966087 1.448444
5.113806 -0.003235
6.387864 -0.481287
8.361524 0.572958
9.568849 -0.334736
7.267482 -0.582195
7.160439 1.058400
9.421356 -0.602270
7.224216 1.335938
7.478591 -1.403862
9.714942 -0.114424
4.949540 -0.760798
8.099380 0.457619
2.895974 -1.233948
1.132054 -1.028393
7.952081 0.264797
1.737553 -0.920300
3.234237 -0.504782
3.399183 1.167415
2.064363 1.185296
4.461143 -1.398808
8.033377 1.008996
8.259945 1.317440
1.060034 1.470893
5.371485 -0.658657
2.025693 -0.862817
9.847414 -0.998562
6.721969 -0.317190
6.012480 0.722212
8.992800 -1.271529
5.682240 1.449982
5.227809 -0.067396
7.643511 -0.467101
1.795333 1.255491
8.937983 0.511834
3.544408 0.974598
7.079533 -1.062081
2.753055 1.385381
8.192301 -0.966073
4.512092 -0.914726
4.611126 -0.194396
7.515332 -0.138681
9.587298 -0.073235
6.974155 -0.608499
1.800501 -0.320180
1.248019 0.414259
5.999119 0.050065
4.364285 -0.942525
7.146214 0.627849
5.706558 0.494463
3.749147 0.092077
8.127454 0.464221
9.600575 0.067381
7.097457 -0.159830
9.501092 -1.291417
1.574283 -1.482093
9.363831 0.499897
8.430954 -0.209932
9.706621 0.419116
6.446845 0.942092
8.066020 -0.468015
4.911891 -1.095131
7.262678 1.316906
7.974920 1.001501
5.585768 -0.974333
4.993960 0.888273
2.052012 -1.322336
2.725944 -0.241666
3.172498 0.393135
1.446279 1.542448
4.207052 0.19703036
6.961048 -0.687301
3.790275 1.364588
5.655373 0.166598
3.592329 0.317884
7.034336 -1.293194
5.568374 -0.030770
7.800805 -1.010697
2.993790 -1.019989
8.526958 0.204235
5.659899 -1.143006
7.442151 -0.366522
5.227505 -1.079698
3.142198 -0.376356
2.859735 -1.115348
3.632401 0.454198
1.817088 1.262321
5.823916 -0.963340
4.802789 -0.877175
6.794880 1.360254
9.869496 0.433163
6.242768 -0.484248
6.271927 1.024485
1.662963 -1.210695
1.101784 0.894580
3.374869 -0.337233
2.698142 -0.496341
2.219473 0.575299
2.465503 -0.652248
7.754740 -0.301542
4.454696 -0.619479
7.617153 -1.065603
8.887718 0.861803
9.942786 -1.307048
4.014189 0.518485
6.708398 0.310759
9.195685 -0.476241
2.973867 -0.193179
6.326673 -1.121343
8.782423 0.296085
8.096869 -1.450093
2.770986 0.226513
6.044873 1.567956
5.195971 1.469474
2.510556 0.825670
2.061111 -0.384186
5.171537 -1.232703
5.590313 0.364093
6.865152 1.505495
8.612126 -0.270796
8.069108 -1.025664
8.487984 -0.692293
3.943503 0.680685
7.824945 -0.787607
3.895123 1.391709
7.563356 0.365409
7.578719 -1.393743
7.573178 0.831773
9.000649 0.187014
7.036494 1.550576
5.294348 0.635849
4.338791 -0.289661
4.131990 0.751743
4.754368 -1.075294
9.718765 1.078577
9.349856 1.085302
9.431279 0.381537
3.224802 -0.953932
9.728824 -0.471433
2.243211 1.050255
9.153583 -0.187523
5.428653 -0.597589
1.549365 -0.928479
3.357080 -1.233884
7.127870 -1.249844
3.787999 1.533819
2.518443 -0.961351
6.018495 0.998225
5.995842 0.401050
2.283030 1.441709
9.059934 0.589586
7.076306 -1.274488
2.589630 -1.481439
6.102867 0.875501
4.497757 0.494794
