5.000000 0.500000 500.000000
0.500000 0.500000 500.000000
100.000000 0.500000 500.000000
0.350000 0.200000 500.000000
217
58.803887 2.103942 0.057511
56.778646 2.109047 0.019708
54.669319 2.111641 0.043645
61.038490 2.115994 0.033394
59.590471 2.123072 0.061477
58.523461 2.126168 0.097262
61.313882 2.128863 0.054424
61.477205 2.129314 0.084613
60.109789 2.129035 0.077785
61.025631 2.121219 -0.156002
57.475048 2.118839 -0.034254
61.842183 2.114460 0.115204
65.570471 2.110562 0.172277
63.898885 2.122747 0.339943
57.342749 2.122778 0.381265
61.135896 2.120199 0.246550
58.430284 2.114837 0.121379
55.338901 2.103864 -0.004126
54.809838 2.099145 0.000756
59.682752 2.093211 -0.008575
56.537583 2.089237 -0.001493
55.798288 2.087711 0.010681
60.088709 2.087081 0.025262
59.356067 2.086475 0.057014
60.430000 2.084854 0.090431
61.520395 2.065812 0.085126
59.851029 2.029360 0.052354
56.065332 1.932036 -0.015871
56.683027 1.861000 -0.059202
54.734044 1.722376 0.144155
52.924808 1.629446 -0.039800
50.765715 1.561865 0.018088
48.238201 1.524871 0.126345
46.416192 1.502650 0.140201
44.443696 1.492266 0.175254
48.602300 1.490835 0.156601
51.845842 1.483287 -0.050148
48.249244 1.483270 0.081864
48.748926 1.483493 0.135981
49.602620 1.481249 0.317281
48.676515 1.490583 0.378068
46.900224 1.487655 0.269481
50.235866 1.483261 0.164457
47.111053 1.475568 0.034127
47.351592 1.467863 0.075446
49.039829 1.465897 -0.000061
47.890199 1.473031 0.003211
47.002752 1.483032 0.041586
46.527266 1.540502 0.034101
46.149492 1.598747 0.107120
54.592988 1.728494 0.076519
49.763068 1.854202 0.123042
54.071523 1.967432 0.107248
62.014979 2.061224 0.117428
62.649735 2.164633 0.006574
65.879607 2.288490 -0.027421
60.803248 2.411072 0.061483
58.392660 2.484955 0.009755
64.409520 2.546453 0.036390
70.713412 2.585588 0.035901
75.455782 2.605394 0.040389
74.601301 2.643061 0.044027
80.446775 2.648891 -0.053079
70.744794 2.664984 -0.216131
79.771630 2.660176 -0.163485
81.027125 2.651284 0.014205
71.113425 2.655112 0.279786
83.541625 2.654387 0.179709
79.761573 2.655028 0.104438
71.898303 2.655196 0.053406
72.728555 2.651447 -0.071352
78.750416 2.666070 -0.131737
74.053895 2.666368 -0.112611
74.550064 2.673492 -0.101353
78.687186 2.680853 -0.094501
74.236774 2.684331 -0.090372
80.599195 2.672615 -0.103956
79.383445 2.671987 -0.125049
73.312561 2.669042 -0.134762
72.245200 2.668508 -0.162959
73.524761 2.667079 -0.224689
72.382297 2.668140 -0.252191
70.257126 2.671826 -0.258762
70.152633 2.669259 -0.226489
71.041498 2.667698 -0.187461
75.508558 2.668488 -0.150694
66.461611 2.667729 -0.150617
76.421511 2.666882 -0.157394
74.185842 2.667486 -0.154900
69.679016 2.681148 -0.166716
67.922713 2.679220 -0.157929
76.730839 2.677593 -0.150388
79.157666 2.682912 -0.132034
72.362927 2.685555 -0.070635
69.796475 2.710424 -0.015215
71.971525 2.779792 0.002016
69.884526 2.876425 -0.050880
87.090842 3.286296 -0.178017
116.673144 3.367632 -0.190287
70.668579 3.009913 -0.162694
76.543424 2.976266 -0.149359
66.757181 2.902301 -0.071822
71.417425 2.892961 -0.060626
82.524763 2.898170 -0.133416
73.902631 2.899201 -0.145795
72.293487 2.900080 -0.155766
67.317962 2.900173 -0.145554
78.816982 2.912930 -0.126987
64.826926 2.901596 -0.088306
71.503117 2.847178 -0.008294
72.527967 2.777602 -0.010309
65.980224 2.548931 -0.077347
64.169352 2.431985 -0.154323
64.199409 2.326857 -0.168814
64.255572 2.272286 -0.109942
62.811648 2.226444 -0.042723
59.933413 2.179068 0.059426
61.135464 2.152224 0.046050
62.839608 2.124547 -0.013927
56.192645 2.107755 -0.096440
58.517376 2.104793 -0.238796
57.982739 2.104731 -0.240830
57.568524 2.105022 -0.048724
59.574564 2.104309 0.167475
58.213269 2.102703 0.323823
64.291796 2.111111 0.461263
61.902575 2.089140 0.104648
60.385305 2.099520 -0.065586
58.411902 2.106374 -0.226948
57.110905 2.105670 -0.299387
58.359567 2.104631 -0.319703
59.424407 2.105445 -0.302933
57.024143 2.104301 -0.265352
60.098254 2.104605 -0.216079
59.375390 2.097997 -0.170560
60.937480 2.094707 -0.115085
61.123273 2.093835 -0.044251
60.877872 2.094580 0.013920
54.002391 2.095254 0.017245
64.396057 2.086860 -0.027116
64.032352 2.086414 -0.056167
61.415693 2.094906 -0.130012
63.840785 2.112908 -0.160020
62.057163 2.124879 -0.121673
59.007469 2.126958 -0.051304
59.167753 2.126619 0.003606
58.964266 2.137588 -0.000197
66.432327 2.145196 -0.043756
63.020982 2.135951 -0.136097
58.186278 2.136605 -0.197546
62.476412 2.147981 -0.167223
59.515244 2.148868 -0.136735
63.673726 2.143474 -0.123957
60.342651 2.147091 -0.194657
61.492697 2.151417 -0.328114
61.446233 2.170223 -0.462465
58.319212 2.173282 -0.362217
65.120904 2.172976 -0.208882
62.974594 2.176876 -0.040408
64.676080 2.183654 0.141386
62.049243 2.175768 -0.087439
62.817372 2.176134 -0.251669
60.570011 2.178641 -0.335478
62.124949 2.177177 -0.348879
62.239162 2.176704 -0.313331
60.016237 2.165873 -0.264860
61.401080 2.166908 -0.236832
63.783014 2.163071 -0.221053
63.430193 2.160931 -0.181395
61.357271 2.153363 -0.165635
63.118499 2.151845 -0.163972
61.266927 2.141144 -0.195330
62.517833 2.137688 -0.205127
61.434237 2.133518 -0.229141
63.814987 2.135422 -0.238598
64.435547 2.149729 -0.230897
62.228602 2.156643 -0.218662
64.193449 2.164311 -0.209362
60.552790 2.166863 -0.218997
63.364904 2.166759 -0.214167
64.297773 2.166282 -0.206858
62.413763 2.167795 -0.211380
61.270729 2.164880 -0.183589
64.238639 2.167527 -0.179358
63.471952 2.175717 -0.158249
61.494259 2.177003 -0.125228
60.893807 2.167234 -0.105634
62.417177 2.166607 -0.126262
64.043872 2.167167 -0.142013
62.504549 2.157403 -0.144095
61.619659 2.139992 -0.151275
61.157186 2.125218 -0.151492
64.251259 2.087939 -0.165843
56.945380 2.053087 -0.116797
59.984872 2.004899 -0.127434
55.452650 1.952032 -0.083580
54.886965 1.903321 -0.008557
54.885571 1.867883 0.062236
52.326909 1.840906 0.114183
54.667293 1.830392 0.112316
56.207091 1.825604 0.050453
57.264457 1.800578 -0.142085
58.108689 1.780097 -0.218746
56.782854 1.738249 -0.222199
49.231586 1.697398 -0.212521
51.046970 1.660769 -0.255988
50.448807 1.621927 -0.279568
48.197461 1.566381 -0.261512
47.197257 1.509791 -0.184595
48.204093 1.441226 -0.124608
46.735973 1.376214 -0.072091
43.612596 1.319868 -0.007517
42.576278 1.267102 0.022684
41.425373 1.216916 -0.021539
44.242548 1.172550 -0.117402
43.281085 1.135249 -0.158898
49.218516 1.083238 -0.164769
419
0.000000 1.179223 -0.021240
0.000000 1.265742 -0.016460
0.000000 1.325055 -0.036227
0.000000 1.406487 -0.063896
0.000000 1.469841 -0.034391
0.000000 1.486907 0.003827
0.000000 1.469654 0.030748
0.000000 1.424639 0.049247
0.000000 1.376472 0.065240
0.000000 1.356108 0.085381
0.000000 1.328562 0.106840
0.000000 1.316507 0.126170
0.000000 1.310184 0.138612
0.000000 1.308873 0.165795
0.000000 1.309187 0.154051
0.000000 1.310151 0.172288
0.000000 1.310240 0.164431
0.000000 1.310490 0.171295
0.000000 1.314472 0.184350
0.000000 1.314526 0.191189
0.000000 1.315095 0.181852
0.000000 1.315708 0.179552
0.000000 1.318002 0.181438
0.000000 1.315720 0.175209
0.000000 1.316949 0.159155
0.000000 1.307336 0.115895
0.000000 1.302015 0.119508
0.000000 1.295923 0.115569
0.000000 1.289234 0.104256
0.000000 1.284732 0.092714
0.000000 1.283606 0.094815
0.000000 1.282674 0.081156
0.000000 1.284024 0.058108
0.000000 1.279359 0.018136
0.000000 1.273659 -0.026367
0.000000 1.271615 -0.078536
0.000000 1.276519 -0.117117
0.000000 1.275693 -0.162722
0.000000 1.278803 -0.193787
0.000000 1.281206 -0.233967
0.000000 1.284768 -0.279359
0.000000 1.283074 -0.306236
0.000000 1.284581 -0.319536
0.000000 1.286090 -0.318812
0.000000 1.290610 -0.308055
0.000000 1.294828 -0.313572
0.000000 1.290896 -0.294617
0.000000 1.297773 -0.271562
0.000000 1.302276 -0.247975
0.000000 1.304096 -0.199224
0.000000 1.309314 -0.189517
0.000000 1.311960 -0.168656
0.000000 1.320021 -0.146979
0.000000 1.323220 -0.106464
0.000000 1.365843 -0.054924
0.000000 1.451704 -0.005016
0.000000 1.533667 0.018303
0.000000 1.567917 0.020963
0.000000 1.616332 0.014523
0.000000 1.640621 -0.020687
0.000000 1.657672 -0.039426
0.000000 1.664770 -0.021757
0.000000 1.670140 0.001686
0.000000 1.661889 0.037897
0.000000 1.664081 -0.067092
0.000000 1.669134 -0.072208
0.000000 1.665006 0.000131
0.000000 1.663004 0.034432
0.000000 1.658310 0.029813
0.000000 1.655341 -0.054072
0.000000 1.655759 -0.141298
0.000000 1.658582 -0.159771
0.000000 1.656891 -0.183695
0.000000 1.651140 -0.171561
0.000000 1.646591 -0.111854
0.000000 1.647246 -0.190507
0.000000 1.656751 -0.280203
0.000000 1.655249 -0.349100
0.000000 1.656305 -0.395358
0.000000 1.662887 -0.453530
0.000000 1.665909 -0.480697
0.000000 1.665844 -0.496303
0.000000 1.658156 -0.506448
0.000000 1.642877 -0.508419
0.000000 1.641445 -0.501291
0.000000 1.631509 -0.476018
0.000000 1.625483 -0.447560
0.000000 1.614926 -0.448299
0.000000 1.612329 -0.455027
0.000000 1.608895 -0.459296
0.000000 1.607863 -0.460562
0.000000 1.604021 -0.432747
0.000000 1.604624 -0.468396
0.000000 1.603655 -0.429837
0.000000 1.603847 -0.424019
0.000000 1.605239 -0.416562
0.000000 1.605768 -0.425090
0.000000 1.603780 -0.421917
0.000000 1.609475 -0.455211
0.000000 1.607255 -0.457532
0.000000 1.604541 -0.450187
0.000000 1.603380 -0.437708
0.000000 1.603930 -0.468807
0.000000 1.605205 -0.444493
0.000000 1.607380 -0.400324
0.000000 1.594745 -0.301870
0.000000 1.584130 -0.232466
0.000000 1.580609 -0.157945
0.000000 1.586272 -0.075474
0.000000 1.581995 0.046876
0.000000 1.585019 0.182533
0.000000 1.588935 0.297367
0.000000 1.587052 0.412262
0.000000 1.600442 0.529462
0.000000 1.607256 0.521189
0.000000 1.597877 0.492240
0.000000 1.593001 0.461743
0.000000 1.581316 0.433070
0.000000 1.587885 0.450751
0.000000 1.587252 0.400140
0.000000 1.586468 0.380673
0.000000 1.586699 0.345625
0.000000 1.585889 0.309116
0.000000 1.582956 0.239626
0.000000 1.581507 0.213822
0.000000 1.582440 0.154908
0.000000 1.584432 0.074850
0.000000 1.579055 0.008279
0.000000 1.579417 -0.078517
0.000000 1.579730 -0.076319
0.000000 1.594192 -0.105955
0.000000 1.608316 -0.112495
0.000000 1.617529 -0.088144
0.000000 1.616780 -0.072195
0.000000 1.609746 -0.050365
0.000000 1.608368 -0.086971
0.000000 1.607807 -0.066752
0.000000 1.612047 -0.088136
0.000000 1.614899 0.026657
0.000000 1.617911 0.074490
0.000000 1.610823 0.059688
0.000000 1.609927 0.097018
0.000000 1.609725 0.097643
0.000000 1.608740 0.110021
0.000000 1.609155 0.110992
0.000000 1.614241 0.108845
0.000000 1.616017 0.107516
0.000000 1.615365 0.103264
0.000000 1.612651 0.098183
0.000000 1.609240 0.091321
0.000000 1.610106 0.096010
0.000000 1.607157 0.089594
0.000000 1.606187 0.087336
0.000000 1.603594 0.091751
0.000000 1.602933 0.100794
0.000000 1.603412 0.094358
0.000000 1.606137 0.092325
0.000000 1.606396 0.111667
0.000000 1.609689 0.113726
0.000000 1.609381 0.107226
0.000000 1.606195 0.065756
0.000000 1.599987 0.053841
0.000000 1.594573 0.049006
0.000000 1.592097 0.053977
0.000000 1.590999 0.055190
0.000000 1.593902 0.038167
0.000000 1.602441 0.022791
0.000000 1.603798 -0.028398
0.000000 1.607203 -0.066307
0.000000 1.609784 -0.077763
0.000000 1.619922 -0.021252
0.000000 1.623838 0.054482
0.000000 1.624740 0.124767
0.000000 1.632102 0.243356
0.000000 1.629184 0.310362
0.000000 1.624672 0.337210
0.000000 1.619843 0.314718
0.000000 1.615736 0.261504
0.000000 1.618148 0.164760
0.000000 1.622823 0.043753
0.000000 1.625815 -0.017715
0.000000 1.630054 -0.071139
0.000000 1.631890 -0.096106
0.000000 1.628023 -0.133142
0.000000 1.622522 -0.180991
0.000000 1.600104 -0.297198
0.000000 1.575109 -0.366029
0.000000 1.555240 -0.493924
0.000000 1.539549 -0.554327
0.000000 1.533127 -0.565777
0.000000 1.532370 -0.537399
0.000000 1.528729 -0.519716
0.000000 1.526003 -0.535351
0.000000 1.530019 -0.583004
0.000000 1.532594 -0.596753
0.000000 1.529123 -0.560669
0.000000 1.529066 -0.459582
0.000000 1.550514 -0.389505
0.000000 1.565913 -0.300341
0.000000 1.567818 -0.245776
0.000000 1.564122 -0.151888
0.000000 1.530589 -0.100186
0.000000 1.480733 -0.104352
0.000000 1.446815 -0.100062
0.000000 1.410472 -0.095671
0.000000 1.378273 -0.109125
0.000000 1.359312 -0.083817
0.000000 1.341360 -0.053689
0.000000 1.337870 -0.052374
0.000000 1.350931 -0.024130
0.000000 1.406495 0.011129
0.000000 1.459982 0.000368
0.000000 1.569821 -0.009372
0.000000 1.628853 -0.025905
0.000000 1.697428 -0.012623
0.000000 1.739634 -0.016090
0.000000 1.739669 -0.022095
0.000000 1.705589 -0.034845
0.000000 1.662822 -0.059694
0.000000 1.603888 -0.119925
0.000000 1.547259 -0.097534
0.000000 1.547129 -0.047578
0.000000 1.531767 0.028000
0.000000 1.523618 0.234788
0.000000 1.790810 0.349667
0.000000 1.785770 0.248303
0.000000 1.765284 0.131533
0.000000 1.753870 0.161925
0.000000 1.748228 0.189398
0.000000 1.731320 0.206585
0.000000 1.716354 0.175442
0.000000 1.699471 0.087002
0.000000 1.688165 0.097637
0.000000 1.677625 0.086111
0.000000 1.680994 0.107645
0.000000 1.678902 0.078889
0.000000 1.666119 -0.016189
0.000000 1.655947 -0.017828
0.000000 1.663537 -0.028654
0.000000 1.674131 -0.053354
0.000000 1.683260 -0.111770
0.000000 1.690941 -0.197752
0.000000 1.725667 -0.339842
0.000000 1.721991 -0.383209
0.000000 1.691980 -0.407486
0.000000 1.648139 -0.395395
0.000000 1.589728 -0.373946
0.000000 1.568972 -0.438797
0.000000 1.581812 -0.315728
0.000000 1.622259 -0.189820
0.000000 1.646926 -0.320663
0.000000 1.673871 -0.314360
0.000000 1.675661 -0.263698
0.000000 1.674115 -0.324507
0.000000 1.657356 -0.270451
0.000000 1.637374 -0.276102
0.000000 1.568819 -0.347311
0.000000 1.469399 -0.364686
0.000000 1.024761 -0.182440
0.000000 0.916120 -0.103173
0.000000 0.916120 -0.103173
0.000000 1.203855 -0.090689
0.000000 1.292652 -0.153499
0.000000 1.432993 -0.228872
0.000000 1.529107 -0.228219
0.000000 1.590280 -0.233403
0.000000 1.621856 -0.235702
0.000000 1.657016 -0.117505
0.000000 1.676466 0.005855
0.000000 1.682202 0.099413
0.000000 1.687748 0.142487
0.000000 1.691733 0.143596
0.000000 1.684581 0.135597
0.000000 1.682290 0.128533
0.000000 1.673513 0.112252
0.000000 1.662522 0.094024
0.000000 1.640721 0.068475
0.000000 1.593382 0.063372
0.000000 1.538963 0.064766
0.000000 1.476118 0.015352
0.000000 1.433973 -0.015143
0.000000 1.394906 -0.046666
0.000000 1.359270 -0.125672
0.000000 1.309664 -0.187475
0.000000 1.252454 -0.204643
0.000000 1.089538 -0.312984
0.000000 1.214645 -0.404532
0.000000 1.273761 -0.198438
0.000000 1.333024 -0.081232
0.000000 1.395847 -0.036214
0.000000 1.442456 0.155270
0.000000 1.484160 0.055322
0.000000 1.514521 0.110774
0.000000 1.566285 0.034076
0.000000 1.591076 0.122762
0.000000 1.624229 0.273901
0.000000 1.641976 0.355969
0.000000 1.431346 0.318701
0.000000 1.416570 0.176441
0.000000 1.410781 0.000768
0.000000 1.399600 -0.181841
0.000000 1.391376 -0.544299
0.000000 1.409279 -0.689203
0.000000 1.446460 -0.930883
0.000000 1.408974 -0.901561
0.000000 1.385916 -0.734928
0.000000 1.376844 -0.331193
0.000000 1.362374 -0.213021
0.000000 1.347115 -0.030571
0.000000 1.363571 0.031213
0.000000 1.383201 0.192685
0.000000 1.388414 0.284748
0.000000 1.531700 0.343010
0.000000 1.555786 0.245368
0.000000 1.556720 0.102023
0.000000 1.397800 2.924593
0.000000 1.434582 0.627896
0.000000 1.419961 0.548854
0.000000 1.401570 0.386391
0.000000 1.363263 0.369280
0.000000 1.342222 0.327153
0.000000 1.324846 0.353128
0.000000 1.326977 0.310008
0.000000 1.350931 0.154473
0.000000 1.391935 0.021948
0.000000 1.394830 0.042541
0.000000 1.424153 -0.035267
0.000000 1.454404 0.025232
0.000000 1.484946 0.091251
0.000000 1.536690 0.108753
0.000000 1.589136 0.112714
0.000000 1.615745 0.114056
0.000000 1.640930 0.165905
0.000000 1.650002 0.264294
0.000000 1.662175 0.317060
0.000000 1.659952 0.362340
0.000000 1.606157 0.541753
0.000000 1.606980 0.400178
0.000000 1.600184 0.298786
0.000000 1.607360 0.201964
0.000000 1.606777 0.105876
0.000000 1.608899 0.027135
0.000000 1.627067 -0.052577
0.000000 1.637961 -0.208597
0.000000 1.646736 -0.366802
0.000000 1.649119 -0.304745
0.000000 1.648721 -0.272209
0.000000 1.630353 -0.244157
0.000000 1.584702 -0.213136
0.000000 1.561389 -0.053144
0.000000 1.540052 -0.055480
0.000000 1.547105 0.026404
0.000000 1.555656 0.187659
0.000000 1.574800 0.321620
0.000000 1.620792 0.487942
0.000000 1.627225 0.392240
0.000000 1.628302 0.220048
0.000000 1.625747 0.060795
0.000000 1.619989 -0.066187
0.000000 1.703285 0.520771
0.000000 1.706193 0.586946
0.000000 1.707328 0.611077
0.000000 1.707877 0.628550
0.000000 1.708232 0.539002
0.000000 1.705137 0.483939
0.000000 1.698818 0.406286
0.000000 1.676010 -0.002003
0.000000 1.701053 0.291365
0.000000 1.698568 0.594498
0.000000 1.549671 0.414680
0.000000 1.539962 0.352165
0.000000 1.538273 0.193140
0.000000 1.549356 0.048868
0.000000 1.561887 -0.019813
0.000000 1.569580 -0.083185
0.000000 1.585782 -0.183975
0.000000 1.587096 -0.044766
0.000000 1.587782 0.053368
0.000000 1.596575 0.259573
0.000000 1.598437 0.360847
0.000000 1.591012 0.420455
0.000000 1.608222 0.504239
0.000000 1.608281 0.378758
0.000000 1.619273 0.245525
0.000000 1.658418 0.128763
0.000000 1.672405 0.011903
0.000000 1.682029 -0.112660
0.000000 1.704130 -0.071332
0.000000 1.718394 -0.285395
0.000000 1.730080 -0.627480
0.000000 1.733779 -0.373926
0.000000 1.736635 -0.233848
0.000000 1.736420 -0.134367
0.000000 1.741543 0.015286
0.000000 1.743212 0.108483
0.000000 1.749158 0.291811
0.000000 1.774719 0.340364
0.000000 1.764659 0.132139
0.000000 1.758543 -0.128438
0.000000 1.752080 -0.193931
0.000000 1.706127 -1.145473
0.000000 1.727144 -0.544262
0.000000 1.694721 -0.720846
0.000000 1.657914 -0.347202
0.000000 1.653288 -0.162838
0.000000 1.663296 0.799786
0.000000 1.672576 0.041049
0.000000 1.686039 0.102736
0.000000 1.698848 0.217558
0.000000 1.682091 0.354756
0.000000 1.688733 0.216275
0.000000 1.688970 0.061292
0.000000 1.684600 -0.019976
0.000000 1.692532 -0.253652
0.000000 1.719908 0.773246
0.000000 1.699252 0.652707
0.000000 1.699030 0.509323
0.000000 1.690622 0.307964
0.000000 1.672447 0.513372
