1.179223 -0.021240
1.265742 -0.016460
1.325055 -0.036227
1.406487 -0.063896
1.469841 -0.034391
1.486907 0.003827
1.469654 0.030748
1.424639 0.049247
1.376472 0.065240
1.356108 0.085381
1.328562 0.106840
1.316507 0.126170
1.310184 0.138612
1.308873 0.165795
1.309187 0.154051
1.310151 0.172288
1.310240 0.164431
1.310490 0.171295
1.314472 0.184350
1.314526 0.191189
1.315095 0.181852
1.315708 0.179552
1.318002 0.181438
1.315720 0.175209
1.316949 0.159155
1.307336 0.115895
1.302015 0.119508
1.295923 0.115569
1.289234 0.104256
1.284732 0.092714
1.283606 0.094815
1.282674 0.081156
1.284024 0.058108
1.279359 0.018136
1.273659 -0.026367
1.271615 -0.078536
1.276519 -0.117117
1.275693 -0.162722
1.278803 -0.193787
1.281206 -0.233967
1.284768 -0.279359
1.283074 -0.306236
1.284581 -0.319536
1.286090 -0.318812
1.290610 -0.308055
1.294828 -0.313572
1.290896 -0.294617
1.297773 -0.271562
1.302276 -0.247975
1.304096 -0.199224
1.309314 -0.189517
1.311960 -0.168656
1.320021 -0.146979
1.323220 -0.106464
1.365843 -0.054924
1.451704 -0.005016
1.533667 0.018303
1.567917 0.020963
1.616332 0.014523
1.640621 -0.020687
1.657672 -0.039426
1.664770 -0.021757
1.670140 0.001686
1.661889 0.037897
1.664081 -0.067092
1.669134 -0.072208
1.665006 0.000131
1.663004 0.034432
1.658310 0.029813
1.655341 -0.054072
1.655759 -0.141298
1.658582 -0.159771
1.656891 -0.183695
1.651140 -0.171561
1.646591 -0.111854
1.647246 -0.190507
1.656751 -0.280203
1.655249 -0.349100
1.656305 -0.395358
1.662887 -0.453530
1.665909 -0.480697
1.665844 -0.496303
1.658156 -0.506448
1.642877 -0.508419
1.641445 -0.501291
1.631509 -0.476018
1.625483 -0.447560
1.614926 -0.448299
1.612329 -0.455027
1.608895 -0.459296
1.607863 -0.460562
1.604021 -0.432747
1.604624 -0.468396
1.603655 -0.429837
1.603847 -0.424019
1.605239 -0.416562
1.605768 -0.425090
1.603780 -0.421917
1.609475 -0.455211
1.607255 -0.457532
1.604541 -0.450187
1.603380 -0.437708
1.603930 -0.468807
1.605205 -0.444493
1.607380 -0.400324
1.594745 -0.301870
1.584130 -0.232466
1.580609 -0.157945
1.586272 -0.075474
1.581995 0.046876
1.585019 0.182533
1.588935 0.297367
1.587052 0.412262
1.600442 0.529462
1.607256 0.521189
1.597877 0.492240
1.593001 0.461743
1.581316 0.433070
1.587885 0.450751
1.587252 0.400140
1.586468 0.380673
1.586699 0.345625
1.585889 0.309116
1.582956 0.239626
1.581507 0.213822
1.582440 0.154908
1.584432 0.074850
1.579055 0.008279
1.579417 -0.078517
1.579730 -0.076319
1.594192 -0.105955
1.608316 -0.112495
1.617529 -0.088144
1.616780 -0.072195
1.609746 -0.050365
1.608368 -0.086971
1.607807 -0.066752
1.612047 -0.088136
1.614899 0.026657
1.617911 0.074490
1.610823 0.059688
1.609927 0.097018
1.609725 0.097643
1.608740 0.110021
1.609155 0.110992
1.614241 0.108845
1.616017 0.107516
1.615365 0.103264
1.612651 0.098183
1.609240 0.091321
1.610106 0.096010
1.607157 0.089594
1.606187 0.087336
1.603594 0.091751
1.602933 0.100794
1.603412 0.094358
1.606137 0.092325
1.606396 0.111667
1.609689 0.113726
1.609381 0.107226
1.606195 0.065756
1.599987 0.053841
1.594573 0.049006
1.592097 0.053977
1.590999 0.055190
1.593902 0.038167
1.602441 0.022791
1.603798 -0.028398
1.607203 -0.066307
1.609784 -0.077763
1.619922 -0.021252
1.623838 0.054482
1.624740 0.124767
1.632102 0.243356
1.629184 0.310362
1.624672 0.337210
1.619843 0.314718
1.615736 0.261504
1.618148 0.164760
1.622823 0.043753
1.625815 -0.017715
1.630054 -0.071139
1.631890 -0.096106
1.628023 -0.133142
1.622522 -0.180991
1.600104 -0.297198
1.575109 -0.366029
1.555240 -0.493924
1.539549 -0.554327
1.533127 -0.565777
1.532370 -0.537399
1.528729 -0.519716
1.526003 -0.535351
1.530019 -0.583004
1.532594 -0.596753
1.529123 -0.560669
1.529066 -0.459582
1.550514 -0.389505
1.565913 -0.300341
1.567818 -0.245776
1.564122 -0.151888
1.530589 -0.100186
1.480733 -0.104352
1.446815 -0.100062
1.410472 -0.095671
1.378273 -0.109125
1.359312 -0.083817
1.341360 -0.053689
1.337870 -0.052374
1.350931 -0.024130
1.406495 0.011129
1.459982 0.000368
1.569821 -0.009372
1.628853 -0.025905
1.697428 -0.012623
1.739634 -0.016090
1.739669 -0.022095
1.705589 -0.034845
1.662822 -0.059694
1.603888 -0.119925
1.547259 -0.097534
1.547129 -0.047578
1.531767 0.028000
1.523618 0.234788
1.790810 0.349667
1.785770 0.248303
1.765284 0.131533
1.753870 0.161925
1.748228 0.189398
1.731320 0.206585
1.716354 0.175442
1.699471 0.087002
1.688165 0.097637
1.677625 0.086111
1.680994 0.107645
1.678902 0.078889
1.666119 -0.016189
1.655947 -0.017828
1.663537 -0.028654
1.674131 -0.053354
1.683260 -0.111770
1.690941 -0.197752
1.725667 -0.339842
1.721991 -0.383209
1.691980 -0.407486
1.648139 -0.395395
1.589728 -0.373946
1.568972 -0.438797
1.581812 -0.315728
1.622259 -0.189820
1.646926 -0.320663
1.673871 -0.314360
1.675661 -0.263698
1.674115 -0.324507
1.657356 -0.270451
1.637374 -0.276102
1.568819 -0.347311
1.469399 -0.364686
1.024761 -0.182440
0.916120 -0.103173
0.916120 -0.103173
1.203855 -0.090689
1.292652 -0.153499
1.432993 -0.228872
1.529107 -0.228219
1.590280 -0.233403
1.621856 -0.235702
1.657016 -0.117505
1.676466 0.005855
1.682202 0.099413
1.687748 0.142487
1.691733 0.143596
1.684581 0.135597
1.682290 0.128533
1.673513 0.112252
1.662522 0.094024
1.640721 0.068475
1.593382 0.063372
1.538963 0.064766
1.476118 0.015352
1.433973 -0.015143
1.394906 -0.046666
1.359270 -0.125672
1.309664 -0.187475
1.252454 -0.204643
1.089538 -0.312984
1.214645 -0.404532
1.273761 -0.198438
1.333024 -0.081232
1.395847 -0.036214
1.442456 0.155270
1.484160 0.055322
1.514521 0.110774
1.566285 0.034076
1.591076 0.122762
1.624229 0.273901
1.641976 0.355969
1.431346 0.318701
1.416570 0.176441
1.410781 0.000768
1.399600 -0.181841
1.391376 -0.544299
1.409279 -0.689203
1.446460 -0.930883
1.408974 -0.901561
1.385916 -0.734928
1.376844 -0.331193
1.362374 -0.213021
1.347115 -0.030571
1.363571 0.031213
1.383201 0.192685
1.388414 0.284748
1.531700 0.343010
1.555786 0.245368
1.556720 0.102023
1.397800 2.924593
1.434582 0.627896
1.419961 0.548854
1.401570 0.386391
1.363263 0.369280
1.342222 0.327153
1.324846 0.353128
1.326977 0.310008
1.350931 0.154473
1.391935 0.021948
1.394830 0.042541
1.424153 -0.035267
1.454404 0.025232
1.484946 0.091251
1.536690 0.108753
1.589136 0.112714
1.615745 0.114056
1.640930 0.165905
1.650002 0.264294
1.662175 0.317060
1.659952 0.362340
1.606157 0.541753
1.606980 0.400178
1.600184 0.298786
1.607360 0.201964
1.606777 0.105876
1.608899 0.027135
1.627067 -0.052577
1.637961 -0.208597
1.646736 -0.366802
1.649119 -0.304745
1.648721 -0.272209
1.630353 -0.244157
1.584702 -0.213136
1.561389 -0.053144
1.540052 -0.055480
1.547105 0.026404
1.555656 0.187659
1.574800 0.321620
1.620792 0.487942
1.627225 0.392240
1.628302 0.220048
1.625747 0.060795
1.619989 -0.066187
1.703285 0.520771
1.706193 0.586946
1.707328 0.611077
1.707877 0.628550
1.708232 0.539002
1.705137 0.483939
1.698818 0.406286
1.676010 -0.002003
1.701053 0.291365
1.698568 0.594498
1.549671 0.414680
1.539962 0.352165
1.538273 0.193140
1.549356 0.048868
1.561887 -0.019813
1.569580 -0.083185
1.585782 -0.183975
1.587096 -0.044766
1.587782 0.053368
1.596575 0.259573
1.598437 0.360847
1.591012 0.420455
1.608222 0.504239
1.608281 0.378758
1.619273 0.245525
1.658418 0.128763
1.672405 0.011903
1.682029 -0.112660
1.704130 -0.071332
1.718394 -0.285395
1.730080 -0.627480
1.733779 -0.373926
1.736635 -0.233848
1.736420 -0.134367
1.741543 0.015286
1.743212 0.108483
1.749158 0.291811
1.774719 0.340364
1.764659 0.132139
1.758543 -0.128438
1.752080 -0.193931
1.706127 -1.145473
1.727144 -0.544262
1.694721 -0.720846
1.657914 -0.347202
1.653288 -0.162838
1.663296 0.799786
1.672576 0.041049
1.686039 0.102736
1.698848 0.217558
1.682091 0.354756
1.688733 0.216275
1.688970 0.061292
1.684600 -0.019976
1.692532 -0.253652
1.719908 0.773246
1.699252 0.652707
1.699030 0.509323
1.690622 0.307964
1.672447 0.513372
