2.103942 0.057511
2.109047 0.019708
2.111641 0.043645
2.115994 0.033394
2.123072 0.061477
2.126168 0.097262
2.128863 0.054424
2.129314 0.084613
2.129035 0.077785
2.121219 -0.156002
2.118839 -0.034254
2.114460 0.115204
2.110562 0.172277
2.122747 0.339943
2.122778 0.381265
2.120199 0.246550
2.114837 0.121379
2.103864 -0.004126
2.099145 0.000756
2.093211 -0.008575
2.089237 -0.001493
2.087711 0.010681
2.087081 0.025262
2.086475 0.057014
2.084854 0.090431
2.065812 0.085126
2.029360 0.052354
1.932036 -0.015871
1.861000 -0.059202
1.722376 0.144155
1.629446 -0.039800
1.561865 0.018088
1.524871 0.126345
1.502650 0.140201
1.492266 0.175254
1.490835 0.156601
1.483287 -0.050148
1.483270 0.081864
1.483493 0.135981
1.481249 0.317281
1.490583 0.378068
1.487655 0.269481
1.483261 0.164457
1.475568 0.034127
1.467863 0.075446
1.465897 -0.000061
1.473031 0.003211
1.483032 0.041586
1.540502 0.034101
1.598747 0.107120
1.728494 0.076519
1.854202 0.123042
1.967432 0.107248
2.061224 0.117428
2.164633 0.006574
2.288490 -0.027421
2.411072 0.061483
2.484955 0.009755
2.546453 0.036390
2.585588 0.035901
2.605394 0.040389
2.643061 0.044027
2.648891 -0.053079
2.664984 -0.216131
2.660176 -0.163485
2.651284 0.014205
2.655112 0.279786
2.654387 0.179709
2.655028 0.104438
2.655196 0.053406
2.651447 -0.071352
2.666070 -0.131737
2.666368 -0.112611
2.673492 -0.101353
2.680853 -0.094501
2.684331 -0.090372
2.672615 -0.103956
2.671987 -0.125049
2.669042 -0.134762
2.668508 -0.162959
2.667079 -0.224689
2.668140 -0.252191
2.671826 -0.258762
2.669259 -0.226489
2.667698 -0.187461
2.668488 -0.150694
2.667729 -0.150617
2.666882 -0.157394
2.667486 -0.154900
2.681148 -0.166716
2.679220 -0.157929
2.677593 -0.150388
2.682912 -0.132034
2.685555 -0.070635
2.710424 -0.015215
2.779792 0.002016
2.876425 -0.050880
3.286296 -0.178017
3.367632 -0.190287
3.009913 -0.162694
2.976266 -0.149359
2.902301 -0.071822
2.892961 -0.060626
2.898170 -0.133416
2.899201 -0.145795
2.900080 -0.155766
2.900173 -0.145554
2.912930 -0.126987
2.901596 -0.088306
2.847178 -0.008294
2.777602 -0.010309
2.548931 -0.077347
2.431985 -0.154323
2.326857 -0.168814
2.272286 -0.109942
2.226444 -0.042723
2.179068 0.059426
2.152224 0.046050
2.124547 -0.013927
2.107755 -0.096440
2.104793 -0.238796
2.104731 -0.240830
2.105022 -0.048724
2.104309 0.167475
2.102703 0.323823
2.111111 0.461263
2.089140 0.104648
2.099520 -0.065586
2.106374 -0.226948
2.105670 -0.299387
2.104631 -0.319703
2.105445 -0.302933
2.104301 -0.265352
2.104605 -0.216079
2.097997 -0.170560
2.094707 -0.115085
2.093835 -0.044251
2.094580 0.013920
2.095254 0.017245
2.086860 -0.027116
2.086414 -0.056167
2.094906 -0.130012
2.112908 -0.160020
2.124879 -0.121673
2.126958 -0.051304
2.126619 0.003606
2.137588 -0.000197
2.145196 -0.043756
2.135951 -0.136097
2.136605 -0.197546
2.147981 -0.167223
2.148868 -0.136735
2.143474 -0.123957
2.147091 -0.194657
2.151417 -0.328114
2.170223 -0.462465
2.173282 -0.362217
2.172976 -0.208882
2.176876 -0.040408
2.183654 0.141386
2.175768 -0.087439
2.176134 -0.251669
2.178641 -0.335478
2.177177 -0.348879
2.176704 -0.313331
2.165873 -0.264860
2.166908 -0.236832
2.163071 -0.221053
2.160931 -0.181395
2.153363 -0.165635
2.151845 -0.163972
2.141144 -0.195330
2.137688 -0.205127
2.133518 -0.229141
2.135422 -0.238598
2.149729 -0.230897
2.156643 -0.218662
2.164311 -0.209362
2.166863 -0.218997
2.166759 -0.214167
2.166282 -0.206858
2.167795 -0.211380
2.164880 -0.183589
2.167527 -0.179358
2.175717 -0.158249
2.177003 -0.125228
2.167234 -0.105634
2.166607 -0.126262
2.167167 -0.142013
2.157403 -0.144095
2.139992 -0.151275
2.125218 -0.151492
2.087939 -0.165843
2.053087 -0.116797
2.004899 -0.127434
1.952032 -0.083580
1.903321 -0.008557
1.867883 0.062236
1.840906 0.114183
1.830392 0.112316
1.825604 0.050453
1.800578 -0.142085
1.780097 -0.218746
1.738249 -0.222199
1.697398 -0.212521
1.660769 -0.255988
1.621927 -0.279568
1.566381 -0.261512
1.509791 -0.184595
1.441226 -0.124608
1.376214 -0.072091
1.319868 -0.007517
1.267102 0.022684
1.216916 -0.021539
1.172550 -0.117402
1.135249 -0.158898
1.083238 -0.164769
