1.000000 40.000000 200.000000
2.000000 0.500000 200.000000
1.000000 500.000000 200.000000
0.500000 1.000000 200.000000
528
0.372491 3.533106 0.111181
0.456981 3.037692 -0.566878
0.460325 7.329230 1.142274
0.479718 2.015664 0.486109
0.421338 3.780646 0.837472
0.488089 7.907212 0.231531
0.443484 4.611483 -0.221213
0.438329 9.740517 0.971871
0.462975 3.404132 -1.047800
0.409037 6.602783 0.457971
0.493105 1.354994 0.960182
0.479368 9.264323 0.553958
0.484201 8.616907 0.583911
0.478091 8.206450 -0.684746
0.446845 8.911026 0.446721
0.528630 6.069870 -0.673170
0.483182 3.656790 -0.885628
0.406783 1.999001 -0.198270
0.508405 1.965679 0.928094
0.452639 3.307614 0.380261
0.444670 9.511765 1.566757
0.477679 3.381990 -1.382625
0.427902 2.988958 1.393280
0.386028 6.801161 0.708022
0.450507 4.078867 -0.773488
0.454764 7.265971 0.834766
0.458577 6.921973 -1.499745
0.457975 3.571810 0.527340
0.413778 1.125731 0.132731
0.447081 4.713444 0.351443
0.460964 9.008044 -0.526874
0.468698 3.584913 0.527088
0.451111 4.278142 -1.096018
0.511135 9.178081 -0.525315
0.462193 8.740453 -0.265668
0.428397 1.152394 0.260952
0.444462 3.176635 -0.140815
0.417393 8.469785 0.612073
0.447854 5.357392 -0.683245
0.412169 3.879347 0.153867
0.451524 6.935453 -0.663386
0.468800 9.023398 -0.093472
0.373044 1.389473 0.142071
0.450489 4.896108 0.708626
0.481363 4.137848 0.188519
0.447298 5.365980 -0.860892
0.399458 3.119362 1.116522
0.491458 3.528400 -0.361005
0.485750 1.627288 -0.079304
0.436474 5.726255 1.238320
0.494648 7.473024 -1.153404
0.467822 9.461722 -0.055472
0.437696 3.657152 -0.167607
0.429523 5.714526 1.149981
0.456314 8.100554 0.169570
0.482669 3.240683 -0.352769
0.455269 2.138864 -1.380370
0.481333 9.253037 0.439200
0.478684 2.929956 1.479067
0.448533 2.487513 -0.545582
0.443833 3.222702 0.810074
0.473332 6.697121 -0.587865
0.477458 6.099185 0.658698
0.464198 9.058886 0.803097
0.498475 5.298875 -0.224070
0.419615 6.239566 -0.620682
0.466667 2.995204 -0.562313
0.461612 8.444563 0.302418
0.412859 3.643412 1.055204
0.443917 4.733449 1.272164
0.494473 2.312024 1.448914
0.436923 7.108432 0.006764
0.456278 1.236450 -1.070990
0.463208 2.724600 0.146746
0.546589 1.352738 -0.628612
0.479735 3.739514 0.769866
0.477604 7.695255 -0.583455
0.348669 9.456917 -1.536281
0.463881 2.126193 -1.054264
0.338886 3.765604 1.201749
0.461760 8.832254 -0.365213
0.468012 2.089290 -0.134446
-0.138637 3.905798 -0.172350
0.414193 6.577178 1.209732
0.413938 8.180155 0.717900
0.460178 7.287503 -0.743070
0.485406 9.359000 -0.266832
0.425611 3.879828 0.055756
0.458803 8.658128 1.400922
0.444224 5.301432 0.593881
0.509648 8.134273 1.235097
0.457019 6.040816 1.369391
0.484125 1.709220 -1.554101
0.471611 6.133251 -0.183621
0.436972 5.121942 -0.268451
0.455407 5.474219 1.085743
0.440628 9.535379 -0.906303
0.467331 6.347702 -0.614945
0.383006 5.105080 0.583510
0.460127 6.390765 1.212750
0.415424 3.796061 0.003791
0.421837 1.844670 0.221703
0.491312 3.260745 1.136907
0.447212 4.580005 -0.811675
0.432923 9.838241 -0.654978
0.479139 2.659476 -0.119948
0.451040 1.947314 0.589783
0.458492 2.232553 0.440261
0.439822 3.585039 -0.462526
0.455378 8.012817 0.212996
0.477281 9.203566 -1.038781
0.446175 7.925947 -1.414828
0.348871 7.448074 0.341639
0.438596 3.886327 -0.798453
0.516866 9.060297 -1.295899
0.415704 1.911615 -0.165120
0.433351 5.654642 0.441431
0.436267 7.456372 1.149100
0.461764 4.549384 1.046383
0.213845 7.498407 1.368737
0.448426 9.066818 -0.678505
0.417807 3.972736 0.113209
0.531694 5.604395 0.149590
0.493910 8.467480 -1.025041
-0.031259 4.745740 1.542132
0.486341 7.875327 -0.973384
0.460948 5.970418 0.696028
0.468580 4.264487 1.268178
0.500910 8.373129 0.575313
0.245185 1.042420 -0.196147
0.436779 6.387371 0.615231
0.457304 2.118865 -1.334601
0.474624 4.708939 -1.253432
0.436273 8.103881 0.593966
0.538098 9.553112 0.111560
0.457458 9.375152 1.248571
0.420593 4.026031 -0.986775
0.486536 7.994995 -0.331010
0.520137 2.189332 -0.718486
0.460930 8.979794 0.514563
0.461719 5.620206 -0.158209
0.403662 5.963400 0.826602
0.313287 1.108023 1.462533
0.476883 5.239220 -0.577589
0.466756 3.663801 -0.599914
0.467391 7.343685 0.292401
0.387181 9.098577 -0.021712
0.482026 9.043069 1.348674
0.456500 7.104963 -1.456077
0.457600 6.128151 -0.437920
0.487439 5.822541 1.141052
0.506108 4.194118 -0.688535
0.441203 3.350467 -0.065764
0.498709 2.930823 0.044118
0.445947 4.305785 -0.625634
0.439751 2.707706 0.912181
0.468158 6.195024 0.846462
0.462773 7.572255 1.508405
0.472184 4.884622 -0.735163
0.471386 4.060889 0.617306
0.492056 8.153947 -1.101220
0.394325 1.040942 1.318894
0.450313 6.708388 -0.924951
0.500362 8.027208 -0.117325
0.445590 3.688188 0.093348
0.477143 1.766736 -0.550196
0.440634 6.714585 -0.862540
0.408778 7.664755 0.795674
0.465061 5.853002 -0.001187
0.424340 2.252757 0.541763
0.441158 1.448072 -0.611532
0.459810 9.080336 -0.959264
0.463289 7.526910 -0.217635
0.444415 4.307599 0.798152
0.433055 1.595330 0.325029
0.454062 1.283295 -0.768739
0.411852 8.660074 -0.332101
0.455382 4.069805 0.430571
0.444521 9.995643 1.532898
0.510585 8.528137 1.085111
0.446569 5.311575 0.652937
0.453778 9.577401 0.416310
0.425428 4.015932 0.016747
0.463244 7.869120 -0.362079
0.432841 1.947041 -0.390073
0.523401 2.242790 0.025644
0.304267 5.685928 1.151032
0.467093 8.451072 -1.364770
0.485525 6.094324 1.086727
0.397223 3.419329 0.288909
0.430607 4.933254 0.684463
0.466061 2.831831 -1.427703
0.484374 6.368013 0.279258
0.467387 4.962945 -0.531240
0.479268 7.729750 -0.862092
0.441185 8.196047 -0.311538
0.354269 4.792067 -1.437422
0.440990 4.589547 -1.510812
0.445304 8.169098 -0.393413
0.459043 7.627807 -0.249071
0.477587 9.421369 -1.189623
0.452102 1.368995 -0.979598
0.465914 1.989512 0.363440
0.463831 6.993594 1.046182
0.491718 1.488334 0.248259
0.440338 6.764245 -1.266204
0.390987 4.253486 -1.368369
0.479925 2.165334 -0.450971
0.444302 4.431298 -1.093399
0.409855 7.741243 1.530845
0.479083 9.051859 -0.443609
0.396741 9.932254 -1.252694
0.511561 2.355845 -1.354006
0.404711 5.755062 0.678701
0.505578 8.225620 -1.166609
0.503839 6.122102 1.115047
0.454092 9.710637 0.297319
0.488530 1.394392 0.218123
0.498857 1.739982 -1.196204
0.445185 1.053706 1.490635
0.450092 8.802997 -0.834168
0.426904 8.429439 -0.642942
0.477141 6.174422 -1.137860
0.498028 4.451424 -0.418353
0.482730 1.474734 -1.127060
0.447662 1.615566 -1.074414
0.480195 3.768694 0.852206
0.511400 9.764030 -0.732167
0.283022 9.736086 1.233215
0.482655 8.325437 0.465563
0.458489 9.271256 0.900274
0.025558 3.521296 -1.463444
0.467853 3.502383 1.390063
0.462977 1.548493 -0.584651
0.478253 8.557979 -0.711800
0.424504 4.886392 0.919369
0.479233 4.186196 -1.457321
0.468506 1.371254 1.548829
0.443425 3.816931 -0.474073
0.477711 1.214630 0.346494
0.402548 6.599705 -0.517575
0.462614 7.891648 1.158900
0.501275 7.068047 0.555414
0.446862 8.461350 1.388645
0.467609 8.496041 -0.651199
0.474183 1.460327 -1.063998
0.442025 3.957433 -0.369923
0.430824 3.597870 -0.956747
0.465736 4.849361 1.308145
0.445321 2.043045 1.027498
0.459360 6.788561 0.234719
0.485658 3.232161 -1.197830
0.498155 8.290123 1.317591
0.473337 6.370627 -0.875758
0.213037 9.566350 0.527215
0.492625 2.433888 -1.131206
0.443988 3.158326 1.237726
0.461617 6.061522 -0.524498
0.482993 6.684555 -0.834954
0.436593 4.231261 0.307672
0.466359 4.063024 -0.657023
0.518060 8.577565 -1.349589
0.470078 2.830200 1.023415
0.482241 2.889097 -1.468522
0.481938 5.884214 -0.474196
0.434038 2.478706 -0.197688
0.434200 5.049562 -1.197072
0.472874 8.328787 0.464851
0.449393 3.284310 -1.514384
0.475769 7.770736 0.650142
0.408796 4.299000 0.093192
0.452571 5.422958 -1.060351
0.459363 7.398673 1.212144
0.457896 1.284649 1.098088
0.455052 6.940225 -1.112269
0.463704 4.790243 0.885610
0.499260 4.857382 -0.449505
0.441215 2.725606 -0.340344
0.482731 4.254102 1.054341
0.486185 2.722199 -1.133454
0.395424 5.808548 0.937282
0.415360 4.858277 0.103889
0.442014 3.929012 0.298369
0.465463 1.034601 -0.541568
0.414234 5.551902 1.097621
0.421192 5.112530 0.023798
0.525648 7.054598 -0.082612
0.429444 1.538000 -0.035739
0.493187 6.091934 -1.240733
0.203585 5.154609 -0.095598
0.464764 8.505787 -0.078465
0.394387 6.353474 -0.958557
0.496081 3.493988 1.065730
0.492495 9.851862 0.547263
0.465108 8.472055 0.997788
0.481901 4.410820 1.423171
0.447407 4.744317 0.687150
0.504410 6.701765 0.849703
0.431172 1.347510 -0.351527
0.442193 2.566856 -0.749737
0.497611 5.051730 1.393553
0.467923 4.892069 0.872045
0.452800 7.443917 0.022075
0.433373 3.198536 1.279602
0.431526 9.779592 -1.123593
0.432593 7.844226 -0.545095
0.468932 5.657005 -1.209248
0.447449 4.145577 -0.913588
0.402349 6.124064 -1.147480
0.485654 8.595261 1.364853
0.471473 2.144396 0.958365
0.519915 4.170583 -0.429226
0.487821 6.005132 -0.291516
0.479712 4.055206 -0.606121
0.465049 6.925995 0.203069
0.518060 4.313548 -1.400363
0.478867 5.681571 -0.532216
0.463899 5.795269 0.796915
0.492879 7.041856 1.186363
0.484279 2.289149 -0.870705
0.491881 8.626943 1.108441
0.377894 6.414634 1.386149
0.455101 1.633658 1.337583
0.412135 1.588017 -1.000188
0.436237 5.958246 -1.044620
0.478683 6.286412 -0.603052
0.433891 3.271620 -0.261390
0.435692 8.374092 -1.116816
0.543062 4.457596 0.779794
0.431712 9.669824 -0.576623
0.448385 6.776261 -0.666097
0.444389 6.877569 0.850852
0.465575 9.580161 -0.702251
0.481627 4.175837 -1.057784
0.493303 2.288731 0.970609
0.481057 3.460037 0.385951
0.499266 4.960678 0.007651
0.449515 9.696012 -0.366040
0.459621 2.375890 -1.318580
0.435822 2.406293 1.190105
0.473274 7.663427 0.661798
0.435988 6.817640 -1.474867
0.438663 5.478199 1.531533
0.450874 8.269335 1.539025
0.476788 5.888426 -0.069297
0.411030 8.494217 1.104484
0.418424 3.119665 -0.357318
0.475449 2.234242 0.818251
0.125127 4.458894 -0.948477
0.447943 2.349801 0.515126
0.442193 1.393570 0.753706
0.453037 2.955711 -0.390237
0.453736 1.102563 1.110392
0.380217 2.570567 1.427933
0.392655 2.107963 1.421626
0.445250 7.978922 1.320704
0.436207 7.141066 -0.143704
0.378489 2.163002 1.051072
0.479272 4.157116 0.270240
0.349553 9.051649 0.157256
0.437778 3.736881 -0.673003
0.440117 3.748074 -0.084229
0.449490 1.600588 0.836428
0.445079 4.149563 -0.521374
0.488637 4.520901 -0.300615
0.468284 6.376490 -0.864028
0.465428 5.292380 1.502947
0.467081 6.784805 1.039730
0.446330 4.381366 0.997831
0.445630 2.546147 -1.466486
0.428059 4.376495 0.942042
0.485219 3.937502 -0.089198
0.471000 7.966087 1.448444
0.494488 5.113806 -0.003235
0.487379 6.387864 -0.481287
0.408966 8.361524 0.572958
0.496593 9.568849 -0.334736
0.470193 7.267482 -0.582195
0.439284 7.160439 1.058400
0.455500 9.421356 -0.602270
0.495812 7.224216 1.335938
0.431250 7.478591 -1.403862
0.583845 9.714942 -0.114424
0.470628 4.949540 -0.760798
0.462142 8.099380 0.457619
0.476693 2.895974 -1.233948
0.413165 1.132054 -1.028393
0.513097 7.952081 0.264797
0.243704 1.737553 -0.920300
0.443732 3.234237 -0.504782
0.574032 3.399183 1.167415
0.480477 2.064363 1.185296
0.447528 4.461143 -1.398808
0.442025 8.033377 1.008996
0.426619 8.259945 1.317440
0.469133 1.060034 1.470893
0.491836 5.371485 -0.658657
0.426160 2.025693 -0.862817
0.473838 9.847414 -0.998562
0.434181 6.721969 -0.317190
0.441744 6.012480 0.722212
0.441389 8.992800 -1.271529
0.453491 5.682240 1.449982
0.415959 5.227809 -0.067396
0.436575 7.643511 -0.467101
0.447763 1.795333 1.255491
0.473161 8.937983 0.511834
0.448119 3.544408 0.974598
0.463855 7.079533 -1.062081
0.484696 2.753055 1.385381
0.450236 8.192301 -0.966073
0.438281 4.512092 -0.914726
0.429807 4.611126 -0.194396
0.519827 7.515332 -0.138681
0.455797 9.587298 -0.073235
0.458076 6.974155 -0.608499
0.466495 1.800501 -0.320180
0.483663 1.248019 0.414259
0.441470 5.999119 0.050065
0.443467 4.364285 -0.942525
0.462027 7.146214 0.627849
0.491119 5.706558 0.494463
0.487927 3.749147 0.092077
0.447694 8.127454 0.464221
0.438438 9.600575 0.067381
0.313381 7.097457 -0.159830
0.383287 9.501092 -1.291417
0.455856 1.574283 -1.482093
0.479045 9.363831 0.499897
0.446141 8.430954 -0.209932
0.464371 9.706621 0.419116
0.468269 6.446845 0.942092
0.458394 8.066020 -0.468015
0.476345 4.911891 -1.095131
0.442726 7.262678 1.316906
0.496897 7.974920 1.001501
0.494071 5.585768 -0.974333
0.427953 4.993960 0.888273
0.368838 2.052012 -1.322336
0.484787 2.725944 -0.241666
0.492414 3.172498 0.393135
0.478003 1.446279 1.542448
0.453283 4.207052 0.197030
0.173958 6.961048 -0.687301
0.466675 3.790275 1.364588
0.464835 5.655373 0.166598
0.479104 3.592329 0.317884
0.483418 7.034336 -1.293194
0.442418 5.568374 -0.030770
0.436385 7.800805 -1.010697
0.466625 2.993790 -1.019989
0.477998 8.526958 0.204235
0.475852 5.659899 -1.143006
0.483231 7.442151 -0.366522
0.458803 5.227505 -1.079698
0.451729 3.142198 -0.376356
0.457440 2.859735 -1.115348
0.513988 3.632401 0.454198
0.448640 1.817088 1.262321
0.465701 5.823916 -0.963340
0.450830 4.802789 -0.877175
0.516754 6.794880 1.360254
0.468954 9.869496 0.433163
0.435968 6.242768 -0.484248
0.441894 6.271927 1.024485
0.269056 1.662963 -1.210695
0.368948 1.101784 0.894580
0.372083 3.374869 -0.337233
0.426767 2.698142 -0.496341
0.447145 2.219473 0.575299
0.473691 2.465503 -0.652248
0.386489 7.754740 -0.301542
0.426935 4.454696 -0.619479
0.472551 7.617153 -1.065603
0.450418 8.887718 0.861803
0.445600 9.942786 -1.307048
0.432593 4.014189 0.518485
-0.021295 6.708398 0.310759
0.466275 9.195685 -0.476241
0.484887 2.973867 -0.193179
0.504973 6.326673 -1.121343
0.489224 8.782423 0.296085
0.437056 8.096869 -1.450093
0.456244 2.770986 0.226513
0.446343 6.044873 1.567956
0.459962 5.195971 1.469474
0.466127 2.510556 0.825670
0.507123 2.061111 -0.384186
0.464960 5.171537 -1.232703
0.431929 5.590313 0.364093
0.530912 6.865152 1.505495
0.439745 8.612126 -0.270796
0.468936 8.069108 -1.025664
0.429163 8.487984 -0.692293
0.466286 3.943503 0.680685
0.430933 7.824945 -0.787607
0.373041 3.895123 1.391709
0.521276 7.563356 0.365409
0.455691 7.578719 -1.393743
0.431348 7.573178 0.831773
0.482338 9.000649 0.187014
0.297662 7.036494 1.550576
0.466717 5.294348 0.635849
0.447222 4.338791 -0.289661
0.453390 4.131990 0.751743
0.481914 4.754368 -1.075294
0.496688 9.718765 1.078577
0.487605 9.349856 1.085302
0.451959 9.431279 0.381537
0.432898 3.224802 -0.953932
0.463425 9.728824 -0.471433
0.458074 2.243211 1.050255
0.475534 9.153583 -0.187523
0.407585 5.428653 -0.597589
0.469412 1.549365 -0.928479
0.490920 3.357080 -1.233884
0.451443 7.127870 -1.249844
0.439526 3.787999 1.533819
0.448157 2.518443 -0.961351
0.499163 6.018495 0.998225
0.465754 5.995842 0.401050
0.462074 2.283030 1.441709
0.444681 9.059934 0.589586
0.476560 7.076306 -1.274488
0.428681 2.589630 -1.481439
0.494599 6.102867 0.875501
0.430489 4.497757 0.494794
0.462216 4.497757 0.494794
217
1.000000 2.103942 0.057511
1.000000 2.109047 0.019708
1.000000 2.111641 0.043645
1.000000 2.115994 0.033394
1.000000 2.123072 0.061477
1.000000 2.126168 0.097262
1.000000 2.128863 0.054424
1.000000 2.129314 0.084613
1.000000 2.129035 0.077785
1.000000 2.121219 -0.156002
1.000000 2.118839 -0.034254
1.000000 2.114460 0.115204
1.000000 2.110562 0.172277
1.000000 2.122747 0.339943
1.000000 2.122778 0.381265
1.000000 2.120199 0.246550
1.000000 2.114837 0.121379
1.000000 2.103864 -0.004126
1.000000 2.099145 0.000756
1.000000 2.093211 -0.008575
1.000000 2.089237 -0.001493
1.000000 2.087711 0.010681
1.000000 2.087081 0.025262
1.000000 2.086475 0.057014
1.000000 2.084854 0.090431
1.000000 2.065812 0.085126
1.000000 2.029360 0.052354
1.000000 1.932036 -0.015871
1.000000 1.861000 -0.059202
1.000000 1.722376 0.144155
1.000000 1.629446 -0.039800
1.000000 1.561865 0.018088
1.000000 1.524871 0.126345
1.000000 1.502650 0.140201
1.000000 1.492266 0.175254
1.000000 1.490835 0.156601
1.000000 1.483287 -0.050148
1.000000 1.483270 0.081864
1.000000 1.483493 0.135981
1.000000 1.481249 0.317281
1.000000 1.490583 0.378068
1.000000 1.487655 0.269481
1.000000 1.483261 0.164457
1.000000 1.475568 0.034127
1.000000 1.467863 0.075446
1.000000 1.465897 -0.000061
1.000000 1.473031 0.003211
1.000000 1.483032 0.041586
1.000000 1.540502 0.034101
1.000000 1.598747 0.107120
1.000000 1.728494 0.076519
1.000000 1.854202 0.123042
1.000000 1.967432 0.107248
1.000000 2.061224 0.117428
1.000000 2.164633 0.006574
1.000000 2.288490 -0.027421
1.000000 2.411072 0.061483
1.000000 2.484955 0.009755
1.000000 2.546453 0.036390
1.000000 2.585588 0.035901
1.000000 2.605394 0.040389
1.000000 2.643061 0.044027
1.000000 2.648891 -0.053079
1.000000 2.664984 -0.216131
1.000000 2.660176 -0.163485
1.000000 2.651284 0.014205
1.000000 2.655112 0.279786
1.000000 2.654387 0.179709
1.000000 2.655028 0.104438
1.000000 2.655196 0.053406
1.000000 2.651447 -0.071352
1.000000 2.666070 -0.131737
1.000000 2.666368 -0.112611
1.000000 2.673492 -0.101353
1.000000 2.680853 -0.094501
1.000000 2.684331 -0.090372
1.000000 2.672615 -0.103956
1.000000 2.671987 -0.125049
1.000000 2.669042 -0.134762
1.000000 2.668508 -0.162959
1.000000 2.667079 -0.224689
1.000000 2.668140 -0.252191
1.000000 2.671826 -0.258762
1.000000 2.669259 -0.226489
1.000000 2.667698 -0.187461
1.000000 2.668488 -0.150694
1.000000 2.667729 -0.150617
1.000000 2.666882 -0.157394
1.000000 2.667486 -0.154900
1.000000 2.681148 -0.166716
1.000000 2.679220 -0.157929
1.000000 2.677593 -0.150388
1.000000 2.682912 -0.132034
1.000000 2.685555 -0.070635
1.000000 2.710424 -0.015215
1.000000 2.779792 0.002016
1.000000 2.876425 -0.050880
1.000000 3.286296 -0.178017
1.000000 3.367632 -0.190287
1.000000 3.009913 -0.162694
1.000000 2.976266 -0.149359
1.000000 2.902301 -0.071822
1.000000 2.892961 -0.060626
1.000000 2.898170 -0.133416
1.000000 2.899201 -0.145795
1.000000 2.900080 -0.155766
1.000000 2.900173 -0.145554
1.000000 2.912930 -0.126987
1.000000 2.901596 -0.088306
1.000000 2.847178 -0.008294
1.000000 2.777602 -0.010309
1.000000 2.548931 -0.077347
1.000000 2.431985 -0.154323
1.000000 2.326857 -0.168814
1.000000 2.272286 -0.109942
1.000000 2.226444 -0.042723
1.000000 2.179068 0.059426
1.000000 2.152224 0.046050
1.000000 2.124547 -0.013927
1.000000 2.107755 -0.096440
1.000000 2.104793 -0.238796
1.000000 2.104731 -0.240830
1.000000 2.105022 -0.048724
1.000000 2.104309 0.167475
1.000000 2.102703 0.323823
1.000000 2.111111 0.461263
1.000000 2.089140 0.104648
1.000000 2.099520 -0.065586
1.000000 2.106374 -0.226948
1.000000 2.105670 -0.299387
1.000000 2.104631 -0.319703
1.000000 2.105445 -0.302933
1.000000 2.104301 -0.265352
1.000000 2.104605 -0.216079
1.000000 2.097997 -0.170560
1.000000 2.094707 -0.115085
1.000000 2.093835 -0.044251
1.000000 2.094580 0.013920
1.000000 2.095254 0.017245
1.000000 2.086860 -0.027116
1.000000 2.086414 -0.056167
1.000000 2.094906 -0.130012
1.000000 2.112908 -0.160020
1.000000 2.124879 -0.121673
1.000000 2.126958 -0.051304
1.000000 2.126619 0.003606
1.000000 2.137588 -0.000197
1.000000 2.145196 -0.043756
1.000000 2.135951 -0.136097
1.000000 2.136605 -0.197546
1.000000 2.147981 -0.167223
1.000000 2.148868 -0.136735
1.000000 2.143474 -0.123957
1.000000 2.147091 -0.194657
1.000000 2.151417 -0.328114
1.000000 2.170223 -0.462465
1.000000 2.173282 -0.362217
1.000000 2.172976 -0.208882
1.000000 2.176876 -0.040408
1.000000 2.183654 0.141386
1.000000 2.175768 -0.087439
1.000000 2.176134 -0.251669
1.000000 2.178641 -0.335478
1.000000 2.177177 -0.348879
1.000000 2.176704 -0.313331
1.000000 2.165873 -0.264860
1.000000 2.166908 -0.236832
1.000000 2.163071 -0.221053
1.000000 2.160931 -0.181395
1.000000 2.153363 -0.165635
1.000000 2.151845 -0.163972
1.000000 2.141144 -0.195330
1.000000 2.137688 -0.205127
1.000000 2.133518 -0.229141
1.000000 2.135422 -0.238598
1.000000 2.149729 -0.230897
1.000000 2.156643 -0.218662
1.000000 2.164311 -0.209362
1.000000 2.166863 -0.218997
1.000000 2.166759 -0.214167
1.000000 2.166282 -0.206858
1.000000 2.167795 -0.211380
1.000000 2.164880 -0.183589
1.000000 2.167527 -0.179358
1.000000 2.175717 -0.158249
1.000000 2.177003 -0.125228
1.000000 2.167234 -0.105634
1.000000 2.166607 -0.126262
1.000000 2.167167 -0.142013
1.000000 2.157403 -0.144095
1.000000 2.139992 -0.151275
1.000000 2.125218 -0.151492
1.000000 2.087939 -0.165843
1.000000 2.053087 -0.116797
1.000000 2.004899 -0.127434
1.000000 1.952032 -0.083580
1.000000 1.903321 -0.008557
1.000000 1.867883 0.062236
1.000000 1.840906 0.114183
1.000000 1.830392 0.112316
1.000000 1.825604 0.050453
1.000000 1.800578 -0.142085
1.000000 1.780097 -0.218746
1.000000 1.738249 -0.222199
1.000000 1.697398 -0.212521
1.000000 1.660769 -0.255988
1.000000 1.621927 -0.279568
1.000000 1.566381 -0.261512
1.000000 1.509791 -0.184595
1.000000 1.441226 -0.124608
1.000000 1.376214 -0.072091
1.000000 1.319868 -0.007517
1.000000 1.267102 0.022684
1.000000 1.216916 -0.021539
1.000000 1.172550 -0.117402
1.000000 1.135249 -0.158898
1.000000 1.083238 -0.164769
